baseMean	log2FoldChange	lfcSE	stat	pvalue	padj
Sym_100100_c0_g2	93.5992744832246	-0.134553205134848	0.0864649788760641	-1.55615842256449	0.119670425407676	0.197789410832184
Sym_100230_c0_g1	67.1835584880205	0.0831122074231406	0.0607889440094186	1.36722571476588	0.171554567576591	0.269123228388993
Sym_100246_c0_g3	90.6820633109784	-0.768449788708024	0.185170321794839	-4.14996194454658	3.32530555212313e-05	0.000256879853901511
Sym_100437_c0_g1	101.639860990355	-0.199962651754492	0.0889313851393567	-2.24850486069848	0.0245440154978628	0.0586648634375398
Sym_100629_c0_g1	162.589106605902	-0.162800738875678	0.139108273269107	-1.17031672559646	0.241873533498741	0.34441899470558
Sym_100793_c2_g1	110.292884840254	-0.302378448312385	0.119806931756158	-2.5238810800014	0.0116067184725156	0.0332081111852529
Sym_100802_c0_g1	131.711280668044	-0.0334675059986421	0.103021507611895	-0.324859408238538	0.745287479545561	0.808048530454661
Sym_101037_c0_g1	138.437727229406	0.0571084062740876	0.0726814017986624	0.785736169925366	0.432022068343726	0.556228412992547
Sym_101057_c0_g1	188.659538917596	-0.228985065295612	0.142529441413522	-1.60658080902215	0.108146355135785	0.184511634325153
Sym_101138_c0_g1	98.7188589379401	0.234537478459786	0.10598062852409	2.21302215061382	0.0268961185573835	0.0606635082790621
Sym_101210_c1_g3	62.3996131265755	-0.00507364154348894	0.0768731723155528	-0.0660001583213244	0.947377699408845	0.962959569464911
Sym_101261_c1_g1	76.9595749810945	-0.336203964974898	0.0950875857880489	-3.53572931932776	0.000406651130142685	0.00205992129859164
Sym_101299_c0_g1	52.488911438823	0.434708965460569	0.116388274923167	3.73498933417081	0.000187723143135378	0.001208467733934
Sym_101326_c0_g1	185.806762087349	-0.0773663870843078	0.06402768683749	-1.20832706764299	0.2269214808694	0.330748762210588
Sym_101441_c0_g1	121.112726345384	-0.282654046471619	0.0802584501415291	-3.5217979661105	0.00042863067054429	0.00213623995480945
Sym_101501_c0_g1	147.057669425164	-0.0428650220359898	0.0629342619210996	-0.68110788507744	0.495803228108651	0.607313480917753
Sym_101501_c0_g2	78.8406558118562	-0.306060685657527	0.197177401261368	-1.55220975476712	0.120612042784866	0.198240006492147
Sym_101543_c0_g2	302.958584801491	-0.365970430617694	0.0661193941726489	-5.53499370641666	3.11239529957065e-08	5.65723616216077e-07
Sym_101543_c0_g3	247.639328497804	-0.360039691837763	0.117980177241282	-3.05169648204073	0.00227552066696533	0.00901456264220879
Sym_101592_c0_g2	205.366957731635	-0.228959921727707	0.0816253393036877	-2.80501035194304	0.00503149637841427	0.0167175524831184
Sym_101592_c0_g3	117.706689049763	-0.196442058626235	0.0874490865291271	-2.24635918364688	0.0246810105077028	0.0586648634375398
Sym_101757_c0_g1	134.448567293507	-0.0733886880468507	0.0852998744809909	-0.860361032104512	0.38959005932882	0.516666645204315
Sym_101806_c0_g1	97.3480520378633	-0.369236974856096	0.141176903190003	-2.61542055756215	0.0089117649752633	0.0272647067064986
Sym_101851_c0_g1	325.894778130647	-0.249210706253964	0.111435620329546	-2.23636486714912	0.0253278805351056	0.0594704625380206
Sym_101880_c0_g1	139.578676979379	-0.166201124609074	0.129686699700999	-1.28155874883285	0.199997478701393	0.301459614237709
Sym_101956_c0_g2	33.5120776047572	-0.790980251052432	0.180230054836942	-4.3887255750327	1.14016832749688e-05	9.78644481101491e-05
Sym_101976_c0_g1	153.913499585959	-0.480879967382494	0.135458916674315	-3.55000600321261	0.000385222366690221	0.00203932359475572
Sym_102324_c0_g5	59.2672970941423	-0.277179910793669	0.101138617263137	-2.74059422893351	0.00613281939017198	0.0197400124121161
Sym_102382_c3_g3	587.904097513402	-0.208595402217465	0.0667719291059228	-3.123998437825	0.00178411403984412	0.00735054984415777
Sym_102395_c0_g1	161.044242250176	0.0370335927386408	0.0828448016702311	0.44702373585316	0.654857922111397	0.73850765668767
Sym_102471_c7_g1	246.630581812104	-0.376179026323698	0.175851348122905	-2.1391876169228	0.0324204766648952	0.0700554355905778
Sym_102539_c1_g2	60.5294910604816	0.0222123557449471	0.0985035656053012	0.225497986884565	0.821591891279675	0.860582692899728
Sym_102539_c1_g5	240.629210869774	-0.0329065129136344	0.0988311454828961	-0.332956911030939	0.739166809108751	0.807076127260085
Sym_102539_c1_g8	42.4738144460347	0.150969258309986	0.0904645586389542	1.66882213964594	0.0951526336809861	0.16518069554733
Sym_102539_c1_g9	70.4891542042648	-0.251213170375069	0.161373769214054	-1.5567162593931	0.119537866575224	0.197789410832184
Sym_102636_c0_g1	346.910159689713	-0.170988220276236	0.0687865872426318	-2.48577850901524	0.0129268392843176	0.0356642262397691
Sym_102664_c0_g1	120.404740402997	0.0594579313981016	0.0879913872618611	0.675724445861453	0.499215612145985	0.607313480917753
Sym_102695_c0_g1	82.6804927820224	-0.358907928020811	0.087337727724578	-4.10942598773164	3.96643810013511e-05	0.000291816517367083
Sym_102774_c0_g1	261.984486141435	-0.199929080747815	0.11031626868833	-1.81232635154352	0.0699357851651624	0.133396034666884
Sym_102797_c0_g2	69.9138533981058	-0.100296057485192	0.0898410843231983	-1.11637184970278	0.264262998016703	0.371169392668915
Sym_102806_c2_g3	62.0316995509689	0.0949293109686058	0.0798229494723671	1.1892483502062	0.234341953367951	0.338372259769611
Sym_102806_c2_g4	129.446794683177	0.000751754530523497	0.142423756864584	0.00527829448592807	0.995788549877759	0.995788549877759
Sym_102902_c2_g1	95.7371898853429	-0.2515360605107	0.128278731428643	-1.96085553473547	0.049895877585563	0.101433066933809
Sym_102979_c12_g1	48.0692824224716	0.522144755581859	0.182071495330525	2.86780066607341	0.00413335859232724	0.0146805494830933
Sym_103005_c0_g1	193.001652524126	-0.106700556638921	0.089142115968414	-1.19697132471849	0.231317731734637	0.335573610826305
Sym_103012_c3_g1	45.79074653688	0.0800343059281722	0.17337773949202	0.461618118696582	0.644355198975405	0.737428727716297
Sym_103171_c0_g1	168.662650973033	-0.374137954743594	0.123061095794996	-3.04026184982831	0.00236372544618213	0.00924545775785163
Sym_103259_c1_g1	52.5626803044401	0.0833982504131227	0.147687686590539	0.564693322364393	0.572282376983345	0.669830509423688
Sym_103259_c1_g4	184.381732094214	-0.0817741253376616	0.1072633561852	-0.762367767017011	0.445840538419631	0.569275728808537
Sym_103259_c2_g1	63.3481760527447	0.357781487429334	0.0993499404491891	3.60122498123001	0.000316721344622941	0.0018260820768079
Sym_103301_c0_g1	277.403041666923	-0.245508019805145	0.13196644734584	-1.86038212547884	0.0628314817577008	0.122106464547985
Sym_103490_c0_g1	92.3307343614309	-0.191256334661201	0.139893744311933	-1.36715430416059	0.171576944959973	0.269123228388993
Sym_103496_c0_g1	112.777395875862	-0.516545942496732	0.144624026266825	-3.57164681298339	0.000354743597857013	0.00195742449531816
Sym_103660_c1_g1	111.942497875737	-0.0573422244064792	0.117553249845119	-0.487797865920592	0.625693023164486	0.718732877910135
Sym_103755_c0_g1	153.87632315184	0.0534851814834042	0.075157862026731	0.711637878474795	0.476689044837192	0.589187659418769
Sym_103763_c6_g1	100.520918366448	0.149120238165424	0.0928403552474328	1.60620064160674	0.108229832440764	0.184511634325153
Sym_103763_c6_g2	74.5919915165704	-0.0108388542991613	0.227763556588336	-0.0475881851403983	0.962044448254373	0.971465433592537
Sym_103894_c0_g1	75.5326024816386	-0.0778003025528791	0.119779507155066	-0.649529326015335	0.515996297487251	0.617995565595196
Sym_103894_c0_g2	49.495668596797	-0.267202482009311	0.116155557499592	-2.30038482670319	0.0214264276884436	0.0542791050042594
Sym_103894_c0_g4	40.6765358353432	-0.0395738302582906	0.112296207449436	-0.352405759349529	0.724533983349727	0.799453396298867
Sym_104048_c2_g7	58.3830792157265	0.770113914952703	0.165277294988971	4.65952637356567	3.16937788439394e-06	3.26445922092575e-05
Sym_104174_c0_g1	74.4660480046225	-0.2645622936333	0.116225045783084	-2.27629330537811	0.0228284605403931	0.0568708371804443
Sym_104246_c5_g1	94.3098510952655	-0.168785458475751	0.0782451162211507	-2.15713729657834	0.0309949683409627	0.067925143385514
Sym_104246_c5_g4	51.1350089555378	0.132651922556447	0.115008556979769	1.15340915528382	0.248742485435867	0.35257535779671
Sym_104264_c2_g1	40.04645600842	1.15434079993671	0.163578852967295	7.05678502445241	1.70398926208226e-12	5.2653268198342e-11
Sym_104397_c2_g9	142.582288943657	-0.704550025461491	0.137778494740931	-5.11364292944466	3.16004445261621e-07	4.43842607208368e-06
Sym_104594_c0_g1	96.4806295589224	-0.0584692432002538	0.130730923722649	-0.44724875748831	0.654695460816536	0.73850765668767
Sym_104781_c1_g2	82.4324520884039	0.313204736123901	0.214857767113249	1.45773057372795	0.144914821240432	0.230817936924194
Sym_104866_c10_g1	92.3339562983066	-0.214298519589694	0.158962706945896	-1.34810562619968	0.17762441212606	0.275808760537451
Sym_105077_c3_g2	73.9704640421846	0.384988236056348	0.134733127997855	2.85741333091054	0.0042710925728838	0.014997359147967
Sym_105147_c1_g1	48.193813721711	0.797995263572404	0.150643036757332	5.29725953983444	1.17553554303064e-07	1.91179201471826e-06
Sym_105147_c1_g2	45.7865343493178	0.514835251086243	0.302729089778979	1.7006467778241	0.0890093346684922	0.15990630472421
Sym_105388_c1_g2	41.8119265699038	-0.0621936694998134	0.183166179317011	-0.339547779681385	0.734197109609307	0.804492577550624
Sym_105558_c0_g1	56.4065177016544	0.028407945946138	0.0762453892732543	0.372585755242554	0.709456776346184	0.785742451222118
Sym_105819_c0_g1	68.4053518054586	-0.177787516235815	0.0721347784028639	-2.4646574117535	0.013714430859924	0.0375022932364293
Sym_105943_c4_g1	65.1220147689757	-0.138776741056664	0.0922828320981239	-1.50381970190407	0.132627796830494	0.214565388589648
Sym_106346_c4_g1	38.2042295360362	-0.116739351895839	0.115268875386772	-1.0127569259623	0.311176279674581	0.427348757419757
Sym_106497_c4_g4	87.952069360318	0.404720541258613	0.182579889267222	2.21667645260902	0.0266452090144662	0.0606635082790621
Sym_106752_c2_g1	143.298144696935	-0.0620934816552259	0.0800153508936159	-0.776019613258736	0.437737405410267	0.56124837457167
Sym_106752_c4_g4	81.9486229081819	-0.0309213523744505	0.10195215823372	-0.303292768982536	0.761666756350381	0.813990900691454
Sym_106992_c0_g1	113.763467088124	-0.0447721073437094	0.082878649777265	-0.540212798640345	0.589050287260256	0.68355762640341
Sym_107242_c3_g1	59.9728091288714	0.361090858648248	0.0988978070880395	3.65115131750902	0.000261067360846001	0.00158176106865518
Sym_107369_c2_g3	154.304961538762	-0.0158514642974648	0.0915764364753299	-0.173095447994802	0.862576402919652	0.8944164714838
Sym_107499_c4_g1	76.8255781608317	-0.261386691615076	0.1470361395244	-1.77770371597454	0.0754525290619164	0.142163606586172
Sym_107578_c2_g2	191.675400093216	-0.179139843968254	0.068587342774508	-2.61184989418829	0.00900537840699376	0.0272809992917752
Sym_107647_c1_g2	60.5772072826565	0.123733382685895	0.0958337277111468	1.29112563646528	0.196660115758842	0.299812447799662
Sym_107783_c2_g1	51.9279498691607	0.851758490091627	0.115209266070514	7.39314222842377	1.43398943983251e-13	6.33003909868921e-12
Sym_107887_c2_g1	61.0028875991184	0.857040259919124	0.191482816846068	4.47580766794387	7.61229898767305e-06	7.31304343321024e-05
Sym_108316_c1_g1	149.618212546184	-0.237364057942951	0.124353493552943	-1.90878479696186	0.056289858867374	0.112216557354958
Sym_108329_c1_g2	49.362861787631	0.348148984049017	0.120044144249168	2.90017465013858	0.00372954790601328	0.0137194083685488
Sym_108395_c0_g2	167.598723844355	-0.208222276122626	0.0939994343586218	-2.21514392659244	0.0267501872124184	0.0606635082790621
Sym_108429_c4_g2	254.324950762148	0.330442677051959	0.132726548852701	2.48965018610317	0.0127868881111352	0.0355959317688359
Sym_108429_c4_g6	35.5083717805126	0.461430479574288	0.154845245540143	2.97994606140273	0.00288299143309205	0.0108639555222615
Sym_108771_c2_g1	121.727029696105	-0.10176259872233	0.104561641682738	-0.973230690381649	0.330438660769116	0.44980416818351
Sym_109060_c7_g1	61.5624075390423	0.417471489879073	0.145018366000998	2.87874909496774	0.00399255839277582	0.0145141240396203
Sym_109253_c1_g1	76.2305809015365	-0.212605042508132	0.0819041777209812	-2.59577775424842	0.00943770886829158	0.0283131266048747
Sym_109253_c1_g2	139.513485747748	-0.285570636708867	0.0843003694982615	-3.38753718884656	0.000705231556700501	0.00335256232339161
Sym_109253_c1_g3	38.6941634560346	-0.0632388366312194	0.0847538494535397	-0.746147072244614	0.455578576573538	0.569934332636532
Sym_109358_c2_g1	49.8350223813593	0.0107484716309659	0.0836387797284406	0.128510622295831	0.89774489255006	0.927769805344376
Sym_109489_c3_g1	115.950750630473	-0.609521823083163	0.176585562026337	-3.45170814696761	0.000557049912399219	0.00273219718938665
Sym_109725_c2_g2	49.3288951027519	0.00796691395469206	0.0781536736671115	0.101939084637613	0.918805026483653	0.94322509363272
Sym_110125_c3_g1	76.9680272033273	-0.0821631941758552	0.0656587570457033	-1.25136688345568	0.210800653790306	0.313160586640406
Sym_110573_c2_g1	110.09204235532	-0.167905828379571	0.074665271818341	-2.24878078242429	0.0245264466273689	0.0586648634375398
Sym_110573_c3_g1	80.5680467592963	0.0773415658975956	0.127147389294378	0.608282767949962	0.54299994793884	0.644332478700715
Sym_110707_c7_g1	6485.28585961129	0.445928920608473	0.368588640095638	1.20982817184156	0.226344833696462	0.330748762210588
Sym_110716_c0_g1	118.712020074691	-0.313942612124559	0.20175699109062	-1.55604328964021	0.119697798788409	0.197789410832184
Sym_110740_c0_g1	98.0856021095616	-0.289901565382537	0.116270243793717	-2.49334271541453	0.0126546636057517	0.0355481004925206
Sym_111108_c5_g1	159.740746469721	0.195613835536697	0.358392137489315	0.545809506054046	0.585196888189732	0.682361654530669
Sym_111127_c1_g1	78.046517770096	0.356869316630742	0.077225779646367	4.62111639746366	3.81680544300925e-06	3.80449316738664e-05
Sym_111127_c1_g2	120.560624421977	0.482736880515792	0.084534060835549	5.71056063963258	1.12604605329113e-08	2.31965486977973e-07
Sym_111423_c4_g1	57.6782144447536	0.487059782045667	0.0890142044880796	5.47170853064122	4.45717466627897e-08	7.65148317711224e-07
Sym_111553_c2_g1	47.731115502728	-0.164751968006793	0.131335134235755	-1.25443940774487	0.209682336436312	0.313004067433915
Sym_111787_c1_g1	966.242748571357	-0.487545662824675	0.141681996899189	-3.44112642039891	0.000579297803775544	0.0027969222088538
Sym_111886_c4_g1	64.8170563188552	0.899978405521602	0.515043370021849	1.74738373097284	0.080570797617722	0.150887130084098
Sym_112013_c3_g1	232.201261144156	0.00665289985046192	0.0869861416442031	0.0764822961992507	0.939035398302813	0.957630158665245
Sym_112123_c0_g2	38.4908138033746	0.132065142862129	0.179888530883437	0.734149877224266	0.462857397783381	0.574389300863714
Sym_112513_c2_g1	68.1591458047431	-0.603778744473798	0.0807868773436728	-7.47372301450992	7.79571447011677e-14	5.71239356202782e-12
Sym_112519_c1_g6	38.7712419905814	-0.17618004908075	0.116624150467952	-1.51066522991877	0.130873765423794	0.212842071136591
Sym_113175_c1_g1	105.703199874254	0.127414755399224	0.0857419664039979	1.48602558050597	0.137272354916307	0.220922696193432
Sym_113215_c4_g5	78.8386694347918	0.199013628378477	0.0882726783792145	2.2545325692229	0.0241626841216682	0.0586648634375398
Sym_113270_c1_g1	269.454028164007	-0.280947590002782	0.130471486594033	-2.15332558351972	0.0312930995125143	0.0680955475307528
Sym_113653_c1_g2	43.7962029816956	0.253778957888792	0.183385574991985	1.38385452563476	0.166403003359955	0.26368475917039
Sym_113764_c0_g1	338.97692432158	1.03844844121598	0.129664374162148	8.00874139813749	1.15888303964302e-15	1.79047429624847e-13
Sym_113783_c0_g1	293.065044542765	-0.0200300003357103	0.0812590489749318	-0.246495628343982	0.805298588139146	0.849273937662103
Sym_114475_c0_g3	216.241768097089	-0.371200087732041	0.125878716475	-2.94887093010488	0.00318937145554754	0.0118736840935444
Sym_114698_c0_g1	301.134221771249	-0.528818960203659	0.106049560699588	-4.98652664579792	6.14744316008971e-07	8.25895624551183e-06
Sym_114890_c0_g1	102.999455863109	-0.595780375520909	0.166405303164462	-3.58029680659929	0.000343204142480619	0.00192818327320929
Sym_114907_c1_g1	149.070550789742	-0.288167363467988	0.154467510760863	-1.86555322895124	0.0621038984540324	0.121456358368962
Sym_114907_c2_g1	124.5216518277	-0.0990991824411697	0.072771962405652	-1.3617769696626	0.173268281812792	0.270403530707842
Sym_114907_c3_g1	128.81640677267	-0.246935124873008	0.130682242040003	-1.8895843920203	0.0588135662334119	0.11649610234695
Sym_114907_c3_g2	189.449229132078	-0.376690104528076	0.180123235699145	-2.0912910156536	0.036501984704793	0.0777869880950416
Sym_114970_c0_g2	73.8321476538135	0.213182322058784	0.0908034168091059	2.34773458477837	0.0188879751335798	0.0503136578989325
Sym_115147_c3_g1	66.7337227576458	0.302562545160767	0.118072954951041	2.56250506550144	0.0103920071699472	0.0305821925287018
Sym_116433_c1_g2	77.3756320996467	-0.254987927878234	0.0777245427522222	-3.2806616655322	0.00103563893970117	0.00463786133866174
Sym_116556_c1_g3	37.8238724794702	0.31833172250742	0.186770897947813	1.70439680916653	0.0883069796447087	0.159572261463245
Sym_116663_c1_g1	35.4942327283887	-0.0755951649526635	0.166078439061715	-0.455177477460347	0.648981562379031	0.73850765668767
Sym_117295_c0_g5	108.399284176327	-0.228007476543607	0.102253794818883	-2.22981921548697	0.0257594471902978	0.0598471367052783
Sym_117295_c0_g7	76.7078190007294	-0.117460653978565	0.0680562905178882	-1.72593382749375	0.0843593181488641	0.155160888738089
Sym_117309_c3_g2	52.983359922421	-0.0778907238744941	0.13499887764162	-0.576973121815646	0.563957612716496	0.662596586803791
Sym_117444_c0_g1	275.56241626299	-0.0756025777501937	0.0793083011128126	-0.953274457898831	0.34045102937169	0.46140073717479
Sym_117960_c0_g3	90.6339901057899	-0.0610912194377983	0.0900635669356933	-0.678312235639282	0.497573742331576	0.607313480917753
Sym_118341_c1_g2	414.703330320908	0.0650147770439187	0.120868034591401	0.537898851947941	0.590646881067024	0.68355762640341
Sym_118541_c1_g1	168.505019293908	-0.318528342846666	0.106287388364456	-2.99685924876095	0.00272776624832665	0.0104059230954683
Sym_118811_c2_g1	70.8302468205417	0.369696818512736	0.0749032540345675	4.93565764635702	7.98811255214692e-07	1.02846949108892e-05
Sym_118868_c0_g1	54.4802014756697	-0.0398229344306268	0.1055564072319	-0.37726686114978	0.705975296726978	0.78469916075049
Sym_118905_c5_g3	51.087703671706	-0.0863707468864826	0.0959124319246107	-0.900516702093134	0.367845341020439	0.492052858767601
Sym_119017_c0_g5	118.006915982981	0.0646799380562368	0.101473174528103	0.637409230144107	0.523858317683278	0.624989267042984
Sym_119054_c0_g1	122.47444580876	0.300674716984608	0.108663611418024	2.7670230453498	0.00565707559974469	0.0185961314927777
Sym_119250_c0_g3	220.627268421175	-0.409760463563859	0.144381430744275	-2.83804130109789	0.00453913088349221	0.0153104377057607
Sym_119275_c3_g2	208.563794198624	-0.212919933634317	0.074118553189292	-2.87269414299735	0.00406987927477637	0.0146231708826267
Sym_119480_c3_g1	48.0810449704995	0.443710523719277	0.138547815867551	3.20258043001887	0.00136202260349475	0.00590609263248393
Sym_119843_c6_g1	45.2746893179423	0.0618810586301623	0.119298534924065	0.518707615894449	0.603964649957066	0.696362227002737
Sym_119993_c0_g1	32.739675641669	-0.249878290029294	0.114559151762736	-2.18121630777102	0.029167421188751	0.0648398068152811
Sym_120482_c0_g1	857.089959405662	-0.583535953826358	0.147366121736572	-3.95977004042675	7.50219693570246e-05	0.000526858830257286
Sym_120595_c3_g2	117.964378829601	-0.0489726202600583	0.0649222924912131	-0.754326724779266	0.450653058808609	0.569934332636532
Sym_120676_c2_g1	63.9987794409573	-0.062673677469261	0.074761485728663	-0.838315034250748	0.401853794405998	0.528394989240227
Sym_120913_c7_g2	1581.70674347689	-0.283612715257946	0.431588318375718	-0.657137144780289	0.511092736809244	0.614504496786212
Sym_121225_c2_g1	74.9034734679657	-0.385216481195378	0.0861718992932862	-4.47032599205332	7.81004638498181e-06	7.31304343321024e-05
Sym_121495_c10_g2	59.6760445717592	0.57952081884097	0.181122807993847	3.19960155907399	0.00137617692407392	0.00590609263248393
Sym_121495_c10_g3	77.1520552891383	0.12581210678482	0.15298577090201	0.822377833199955	0.410861891285405	0.532513052352056
Sym_122621_c3_g1	44.3269155244567	0.262552861150667	0.113935384186567	2.3044014203765	0.0212001203526526	0.0542791050042594
Sym_123848_c1_g2	427.014802446717	0.562576448785881	0.379430259703417	1.48268735663207	0.138157495349007	0.221195160947373
Sym_123931_c0_g2	43.377710913835	0.636677037639798	0.149906826063535	4.24715174324319	2.16505329583216e-05	0.000176464094248682
Sym_123942_c3_g1	136.234621852024	-0.222747089421503	0.13198821517291	-1.68762861994682	0.0914825417547778	0.162837310577656
Sym_124087_c4_g1	155.456561031726	-0.0849138088609338	0.0687832265454118	-1.23451331270237	0.217011689114448	0.319317199696973
Sym_125225_c1_g2	290.547260836269	0.246875624949757	0.137166423389023	1.79982548826532	0.0718881980121971	0.136278853900423
Sym_125225_c1_g3	70.1848961088374	-0.26516229754513	0.1136880701361	-2.33236695132298	0.0196813951559193	0.0519790692579406
Sym_125797_c5_g1	322.281489510848	-0.205974830298658	0.0906046990882201	-2.27333496354427	0.023006002095649	0.0568708371804443
Sym_126375_c0_g3	209.560436230845	-0.121318515427558	0.0527649829530599	-2.29922400497094	0.021492222575816	0.0542791050042594
Sym_126811_c0_g5	206.451436051082	-0.343253441781389	0.136209154744853	-2.52004677970708	0.0117339238777231	0.0332640594331784
Sym_127086_c1_g3	300.048306053955	0.164564309116251	0.139262609115513	1.18168336900648	0.237331359721715	0.341094837925628
Sym_127107_c0_g1	70.799546891101	0.563841411533984	0.198767678255313	2.83668560443586	0.00455844747226532	0.0153104377057607
Sym_127689_c0_g1	116.701160735132	0.136781951709993	0.0726810608728249	1.88194765001201	0.0598431238269928	0.117780415684973
Sym_128149_c1_g1	150.916580085218	-0.0763150809073635	0.110811709209822	-0.688691488034547	0.49101743387253	0.604479629747458
Sym_128463_c0_g2	39.2855155404912	0.506803853200163	0.24191746602743	2.09494527833181	0.0361758572201211	0.0776273602848431
Sym_128685_c8_g1	104.772771330543	-0.268569790090102	0.0717405721897779	-3.74362486794285	0.000181384396918791	0.00119250592867886
Sym_128696_c2_g1	112.934103762461	-0.320021045314368	0.09791967734231	-3.26819954885708	0.00108234025417389	0.00477775912199615
Sym_129674_c4_g3	60.1022771636651	0.0472860885809771	0.135449750055164	0.349104288208131	0.727011017346219	0.799453396298867
Sym_130013_c0_g1	105.162530596301	-1.50436760609077	0.388969352060092	-3.86757362276285	0.000109923646854034	0.000754809041731031
Sym_130165_c13_g1	58.3248485489185	0.515173197668606	0.107916917348988	4.77379460351531	1.80786766390122e-06	2.00479814812644e-05
Sym_130366_c3_g5	97.7186132494198	0.29348136554544	0.169936162056143	1.72700949576866	0.084165958109082	0.155160888738089
Sym_130444_c3_g1	360.583552903527	0.137315081476304	0.086314222290235	1.59087434066864	0.111637858250964	0.187478794562759
Sym_130891_c0_g1	284.106376541102	0.222051076104793	0.0993432531117891	2.23519030381382	0.0254048577832321	0.0594704625380206
Sym_131189_c6_g1	174.245165771249	-0.00416581529609207	0.0954209693072706	-0.0436572309664712	0.965177631433362	0.971465433592537
Sym_131859_c1_g2	51.7806912888733	0.966755443554027	0.237252840766466	4.07478974932751	4.605593791292e-05	0.000330960111978891
Sym_132395_c3_g1	36.9158183153813	0.359067861694313	0.178358287876688	2.01318293626234	0.0440953876922651	0.0926903047408839
Sym_133183_c1_g1	47.302386431876	0.305232923605434	0.124533335022255	2.45101380727406	0.0142454488806193	0.0386126640711523
Sym_133411_c1_g2	70.5389974919742	-0.290266084726865	0.15771674381081	-1.84042656292128	0.065705636641484	0.126105849206326
Sym_133813_c2_g1	365.032527266057	-0.277235299380248	0.126952706898522	-2.18376831934629	0.0289792766483367	0.0648398068152811
Sym_134154_c0_g2	45.8581115167951	1.01137853013061	0.140772185230729	7.18450543673056	6.74508981364153e-13	2.31581416935026e-11
Sym_134172_c0_g1	97.658167692682	-0.0032931518961877	0.114932012184848	-0.028653043078122	0.977141307169977	0.980313843881568
Sym_134584_c0_g1	142.602933635514	0.0414095446640146	0.136790524609666	0.30272231780803	0.762101488212155	0.813990900691454
Sym_135168_c1_g4	53.5854323978992	-0.0059447678840262	0.0987894747085985	-0.0601761260656727	0.952015359888503	0.964500807231303
Sym_135260_c3_g1	76.525715293258	-0.21453216493292	0.111305403954102	-1.92741913071341	0.0539274173717356	0.108205012778353
Sym_135943_c0_g1	78.0211133147282	-0.429939929992763	0.117437881397811	-3.66099869033212	0.000251234043219863	0.00155262638709876
Sym_136070_c2_g1	154.200545697979	0.276187039356735	0.118728138491529	2.3262138433716	0.0200071455228274	0.0523915929368955
Sym_136781_c0_g5	238.569471429856	-0.12898804740831	0.0771396509414081	-1.67213677835131	0.0944973537208278	0.165095574477783
Sym_136909_c0_g1	1167.36765387539	-0.0371221506372017	0.0616896587922142	-0.601756459088843	0.547336261948635	0.645522537947054
Sym_136948_c0_g1	215.389248572242	0.203761315732329	0.0613240737961312	3.32269699514293	0.000891516970004224	0.00405115799604861
Sym_138988_c3_g1	79.8966252691807	-0.114324457651986	0.134541105475523	-0.849736273891294	0.395471726423626	0.522225484892737
Sym_139720_c2_g1	95.5754128339845	0.147451321750701	0.147456894722999	0.999962206092102	0.317328798247093	0.433869905567928
Sym_139797_c4_g1	57.8690405518987	0.58262389488989	0.137208842371751	4.24625618013262	2.17372083422204e-05	0.000176464094248682
Sym_139907_c0_g1	115.212825607308	-0.0256279163907306	0.0632074664606704	-0.405457105398728	0.685141542398097	0.767060639858739
Sym_140163_c0_g1	80.8579484994495	-0.410247980310556	0.0967382809286627	-4.2408028794008	2.22721672352706e-05	0.000176464094248682
Sym_140883_c1_g1	133.022526809134	0.130997550677659	0.139784862557273	0.937136885075711	0.348688150282728	0.469379560152448
Sym_141083_c0_g1	200.996901758971	0.195877507913217	0.114652101294953	1.70845109423076	0.0875526735501164	0.159572261463245
Sym_141362_c0_g3	108.315163373613	-0.318504698522072	0.0607873890835984	-5.23965090989588	1.60880638669753e-07	2.36724368328351e-06
Sym_142384_c1_g2	37.9914999732423	-0.418670804491455	0.160077715665536	-2.61542215761137	0.00891172322173841	0.0272647067064986
Sym_143145_c5_g3	34.2825573028937	0.248677314785626	0.1194157359433	2.0824501295516	0.0373013736111052	0.0789460578481609
Sym_143244_c1_g1	69.7324589738333	-0.184203110594319	0.072854343372673	-2.52837513958587	0.0114591837915044	0.0330924092670547
Sym_143426_c2_g1	55.4386654523533	-0.0321123728487803	0.107986313798459	-0.297374470145481	0.766180632436681	0.813990900691454
Sym_144233_c1_g1	39.1932470601568	0.820923046435408	0.171589521975384	4.78422596545946	1.71647498200453e-06	2.00479814812644e-05
Sym_144984_c0_g1	136.369881630829	-0.0680262156505416	0.0826432960206012	-0.823130476712643	0.410433799282321	0.532513052352056
Sym_146541_c1_g1	45.3534648134317	0.263623865535098	0.133877046601328	1.96914909782961	0.0489359721662211	0.100140499333525
Sym_146798_c0_g2	475.007314672618	-0.327183768846923	0.11500377917521	-2.84498275790096	0.00444138271242244	0.0152487473126504
Sym_146798_c1_g2	71.2530376567022	0.0462477863179938	0.119098824949569	0.388314379571562	0.697783397202051	0.778393753557523
Sym_147389_c1_g1	136.333229505796	0.0843890031371194	0.112374512298401	0.750962130211802	0.452675447021008	0.569934332636532
Sym_147711_c0_g1	97.4384377024896	-0.0127077822560316	0.0666955762264647	-0.190534109981783	0.848890616825979	0.883189227606827
Sym_148542_c0_g2	253.147360826227	0.162981512472551	0.151049273105044	1.07899567553171	0.280589655453553	0.392317663054968
Sym_148791_c2_g2	44.6931815673908	1.15965208491812	0.142655209495643	8.12905528664581	4.32648965978123e-16	1.3368853048724e-13
Sym_148851_c1_g6	66.168063601569	0.420041588646345	0.0950152170269223	4.42078228929718	9.83442190562424e-06	8.68238962525111e-05
Sym_149385_c2_g1	142.096734353015	-0.176151234328399	0.140393312332972	-1.25469818612599	0.209588344476952	0.313004067433915
Sym_149661_c2_g2	39.768192007124	-0.651371715160804	0.137850014591667	-4.72522050208169	2.29865794192045e-06	2.44925966914972e-05
Sym_150273_c1_g4	33.707607657797	-0.819130869668671	0.127882594317382	-6.40533509693847	1.5003947445825e-10	3.86351646729993e-09
Sym_151345_c3_g1	158.363120543273	-0.374998216328654	0.155222016413023	-2.41588290755636	0.0156971083056585	0.0421774475343347
Sym_152125_c5_g2	839.836622924733	0.0780335586126327	0.103742177860594	0.752187395925815	0.451938372267315	0.569934332636532
Sym_152309_c0_g2	112.967254086054	0.196060999085924	0.0844474799129382	2.32169153286817	0.0202495511975837	0.0525807673954065
Sym_152950_c3_g7	67.3683937272694	0.0237561861041457	0.0891625227712116	0.266436899336096	0.789902750350439	0.835890239240705
Sym_154888_c1_g1	67.9415568198192	-0.0309263545992388	0.152149118982532	-0.203263448425156	0.83892912306952	0.87577398320433
Sym_157791_c0_g1	56.7991664781771	0.101551535899911	0.088909130532658	1.14219468002343	0.253373106820916	0.357499041130881
Sym_158035_c0_g1	47.0238279132702	0.0413694814067117	0.125916633494719	0.328546596732566	0.742498418608915	0.807859194894911
Sym_158124_c0_g1	47.9609499612635	-0.16168647723101	0.101261263070475	-1.59672585871737	0.110326828905036	0.186289563560962
Sym_17199_c0_g1	42.0119138258964	0.19454346918768	0.0901395019136994	2.15824877059935	0.03090849539668	0.067925143385514
Sym_172288_c0_g1	53.3732240235886	0.846873748753112	0.114030077668588	7.42675762454912	1.1129202082288e-13	5.73153907237832e-12
Sym_173215_c0_g1	33.1590258887054	0.416438813991338	0.134023219237308	3.10721393174396	0.00188859672681312	0.00767863669191124
Sym_17477_c0_g1	52.1961038207676	-0.124235254464349	0.0962878015562905	-1.29024915364507	0.1969641647357	0.299812447799662
Sym_178992_c0_g1	75.0180617198774	-0.210016549205083	0.120796715683176	-1.73859486176687	0.082106050974901	0.152835962356894
Sym_188258_c0_g1	93.7520889323722	-0.291404420400554	0.219895913052439	-1.32519252566128	0.185107303774108	0.285990784330996
Sym_207498_c0_g1	31.2659616402284	0.340242770837702	0.128234675120392	2.65328212137839	0.00797132143707521	0.0251340645311861
Sym_208475_c0_g1	55.6480335514628	0.0826369527762349	0.0701833938635198	1.17744309910308	0.239018696057174	0.341929523526235
Sym_209041_c0_g1	77.5429006930033	0.025984784904764	0.0875323352381547	0.296859267310366	0.766573955020107	0.813990900691454
Sym_210042_c0_g1	88.5865485235387	-0.564270644054952	0.0987072150952487	-5.71660991053645	1.08670191319291e-08	2.31965486977973e-07
Sym_21232_c0_g1	125.129156645692	0.0461928879009013	0.102144452750681	0.452230998913382	0.651102578628155	0.73850765668767
Sym_218000_c0_g1	49.8436248765808	0.210693439885573	0.105261811225537	2.00161328626709	0.0453263389438479	0.0946340454976285
Sym_237228_c0_g1	36.9696860514609	-0.210055406900257	0.107821762196471	-1.94817263807559	0.0513943096299551	0.103796350821282
Sym_237540_c0_g1	47.8472742867518	0.539377944104548	0.102913663495036	5.24107223265418	1.59646202044945e-07	2.36724368328351e-06
Sym_242526_c0_g1	50.7627516780561	0.0335920604026107	0.105393585262922	0.31872964866704	0.749931529925573	0.810240708905602
Sym_244110_c0_g1	60.4528948362827	-0.37115450202555	0.116726176086517	-3.17970239811892	0.00147426374106498	0.00615969412016385
Sym_248486_c0_g1	50.7088114437421	-0.0284415692094611	0.122731566924379	-0.231738011028454	0.816741506360375	0.858411991378762
Sym_26664_c0_g1	36.5845263536866	0.992692789927748	0.13481229641526	7.36351813836014	1.79125444833568e-13	6.91872030669657e-12
Sym_271368_c0_g1	61.1070403629072	-0.628830211829266	0.102944252071345	-6.10845383959325	1.00600946238659e-09	2.39120710674967e-08
Sym_278149_c0_g1	85.7813036478508	-0.147866894473657	0.11330392200344	-1.30504656731272	0.1918769915242	0.294975076522278
Sym_281979_c0_g1	80.1946425182906	0.375450172082231	0.0913075949684206	4.11192707695436	3.92370243565937e-05	0.000291816517367083
Sym_289794_c0_g1	57.4565059413502	0.246338781695606	0.0732052115045642	3.36504432720951	0.000765313628431552	0.00358305926038408
Sym_294695_c0_g1	40.2758040379527	0.316365540474937	0.140531679002769	2.25120444528883	0.0243725914865504	0.0586648634375398
Sym_30446_c0_g1	119.668097135331	-0.10017341815021	0.0950451765559716	-1.05395583216386	0.291903139126524	0.404475650179802
Sym_310154_c0_g1	74.5393489802501	-0.0320866019833361	0.0752578628372175	-0.426355476672774	0.66984883915165	0.7526665138104
Sym_311128_c0_g1	57.0799914909119	0.353480464694677	0.128753411953416	2.74540658248783	0.00604359710182749	0.0196575947838389
Sym_32537_c0_g1	89.028393842229	-0.0699280202010572	0.0945189292097997	-0.739830854895118	0.459402634376993	0.572400862993914
Sym_34620_c0_g1	51.719975838371	0.10227061232755	0.334082348554335	0.306123962460461	0.759510263769577	0.813990900691454
Sym_37542_c0_g1	46.7091004970782	0.673795494330921	0.185085180809283	3.64046160467714	0.000272149690709125	0.00161719720055999
Sym_37619_c0_g1	50.311403467973	-0.220854859645662	0.136414236128771	-1.61900154934842	0.105446929756839	0.182028498853985
Sym_39803_c0_g1	56.301379670111	0.268213658611237	0.167197857817546	1.60416922867471	0.108676755492485	0.184511634325153
Sym_39928_c0_g1	51.1220491611394	0.13235767393185	0.160256130585829	0.825913326672784	0.408853260280973	0.532513052352056
Sym_40740_c0_g1	49.8791708399276	-0.456840233095716	0.103244112883697	-4.42485503856611	9.65070650321727e-06	8.68238962525111e-05
Sym_45312_c0_g1	52.2238249182802	-0.3769886434352	0.102456232786227	-3.67950912485508	0.000233683328321587	0.00147363568268103
Sym_47830_c0_g1	30.1170096078114	0.455385425119592	0.135892220868231	3.35107795140945	0.000804976393952727	0.0037125030706178
Sym_55311_c0_g1	40.3395720556636	-0.298067202434472	0.161656354936648	-1.84383226104091	0.0652075895448148	0.125932157308423
Sym_57158_c0_g1	49.351922260961	-0.237182924156658	0.119092943957453	-1.99157831081406	0.0464173450705283	0.0956197308452883
Sym_62856_c0_g1	56.8839045763937	0.16393296318862	0.132147257658569	1.24053246426178	0.214778514175625	0.317543353494107
Sym_65138_c0_g1	107.072627362717	0.115950186956029	0.141300751998671	0.820591435756261	0.411879027547383	0.532513052352056
Sym_67222_c0_g1	90.5795880507435	-0.328308940749076	0.115105548355846	-2.85224253251561	0.00434119642448952	0.0150722437659243
Sym_67337_c0_g1	39.2054703801275	0.667298570541328	0.120101693411606	5.55611292052644	2.75848456185171e-08	5.32732331007611e-07
Sym_73573_c0_g1	79.5132308330967	-0.23510479315136	0.092230869251434	-2.54909007211493	0.0108004401315381	0.0314843018928799
Sym_74166_c0_g2	121.810950854036	0.136302818190628	0.0890941508421354	1.52987392440769	0.1260479388719	0.206078376250884
Sym_75131_c0_g1	47.0158826845469	0.0582088455030211	0.0959891301625012	0.606410803019869	0.544241996572449	0.644332478700715
Sym_75561_c0_g1	56.329331696281	0.0894055117482063	0.102786421941863	0.86981830925854	0.384399704021337	0.511980640269798
Sym_76402_c0_g1	52.0915062284509	0.570126128338412	0.117599097202454	4.84804851313531	1.24681914025401e-06	1.54106845735395e-05
Sym_76645_c0_g1	343.413538300962	-0.419501750213029	0.118377235835924	-3.54377044919748	0.000394448518815844	0.00203932359475572
Sym_78927_c0_g1	31.0237014751322	0.751401065239705	0.197625433398388	3.80214758960187	0.000143447227255079	0.000963591156996075
Sym_79288_c0_g1	160.433372018543	-0.441491727692027	0.166194365058851	-2.65647832004226	0.00789615279172903	0.0251340645311861
Sym_79448_c0_g1	51.2049170591104	-0.591660676220924	0.0794038159827213	-7.45128768559024	9.24335527836218e-14	5.71239356202782e-12
Sym_80461_c0_g1	126.67098470024	0.747932879235256	0.581921439013057	1.28528153302576	0.198693921000814	0.300962850927703
Sym_82427_c0_g1	51.5981026939678	-0.262856901596379	0.131773465800946	-1.99476351326635	0.0460686785656289	0.0955384005152975
Sym_83072_c0_g2	55.3080091434949	-0.00990186665025334	0.105984930299439	-0.0934271185750429	0.925564247226463	0.947017723155553
Sym_84255_c0_g2	122.752572764221	0.185538230496327	0.108824934589477	1.70492388712419	0.0882086206808635	0.159572261463245
Sym_84416_c0_g1	179.154408929714	-0.411927552409691	0.129556083281812	-3.17953076362814	0.00147513710321076	0.00615969412016385
Sym_84654_c0_g1	62.2072490213569	-0.257708667625377	0.115782129580454	-2.22580694066697	0.026027115722936	0.0600177519282628
Sym_85001_c0_g1	60.8395130277681	-0.210895450753257	0.125250261645454	-1.68379249657968	0.092221777835242	0.162837310577656
Sym_87251_c0_g1	51.9081088911574	-0.349992660523293	0.0987913735695025	-3.54274515959699	0.000395985164030237	0.00203932359475572
Sym_89597_c0_g2	54.9666669179655	0.675692428016027	0.0878634638187725	7.69025484141751	1.46842245449368e-14	1.51247512812849e-12
Sym_89735_c0_g1	31.4203815574178	-0.491438586907521	0.29173522966504	-1.68453630873369	0.0920780685589934	0.162837310577656
Sym_89763_c0_g1	67.9900319202204	0.434709334183531	0.144835112165276	3.001408482271	0.00268733804643126	0.0103798432043407
Sym_90318_c0_g1	36.9828970679839	-0.167807464034182	0.224111235129919	-0.7487686368642	0.453996666188059	0.569934332636532
Sym_91477_c0_g1	54.6813818780271	-0.0672325402588579	0.10051216765776	-0.668899515606725	0.503559579233242	0.610195725423811
Sym_92614_c0_g2	77.9444873946484	-0.225805935776394	0.0861606054935623	-2.62075613887447	0.00877349952197802	0.0272647067064986
Sym_92829_c0_g1	39.7126944097803	-0.0713644580773458	0.108265060406374	-0.659164256773871	0.509790296722815	0.614504496786212
Sym_92876_c0_g1	303.537126201096	-0.215284928195816	0.0937154325051508	-2.29721959810604	0.0216062456813071	0.0542791050042594
Sym_93418_c0_g1	62.8867095854998	0.525103212857833	0.145891897913527	3.59926233305342	0.000319121139636332	0.0018260820768079
Sym_94487_c0_g1	60.9952604987498	0.521241796302147	0.109210455585178	4.77281953920254	1.81664557111781e-06	2.00479814812644e-05
Sym_94893_c0_g4	50.7255585743587	0.167333029599972	0.157865256566195	1.0599737601529	0.289156537030588	0.402474639380413
Sym_94934_c0_g1	119.882110989594	-0.204618772269918	0.0665256937907171	-3.07578561921695	0.0020994873861627	0.00842521561460095
Sym_96651_c0_g1	43.0936486134703	0.306861223890672	0.183554481134675	1.67177190114758	0.0945693096523224	0.165095574477783
Sym_96774_c0_g1	93.8342678164676	-0.324909363945595	0.0915838861561712	-3.54766954736504	0.000388655512450175	0.00203932359475572
Sym_97411_c1_g3	70.5726097784929	-0.279975687742742	0.299183376804311	-0.935799611373021	0.349376371634508	0.469379560152448
Sym_98005_c2_g1	59.2382916982649	0.0132554084727088	0.114382360298417	0.11588682414077	0.907742238147735	0.934974505292167
Sym_98024_c0_g2	48.5844976654486	0.101124125877174	0.0962119573334257	1.05105569702449	0.29323300997161	0.404504464648336
Sym_98887_c0_g1	148.341648344243	-0.231828448742828	0.0899027747466708	-2.57865732616237	0.00991851230731699	0.0294694259900091
Sym_99526_c0_g1	243.129147453339	-0.682841535465381	0.102093630261908	-6.68838529606247	2.25646405017074e-11	6.33861265002507e-10
