baseMean	log2FoldChange	lfcSE	stat	pvalue	padj
Sym_100100_c0_g2	93.2329504982186	-0.0977926727348165	0.122588291434893	-0.797732569645563	0.425025699099788	0.579643568866253
Sym_100230_c0_g1	67.8357565532614	0.106249110921635	0.0726355435078216	1.46277023328384	0.143530260746262	0.260697820539129
Sym_100246_c0_g3	80.4971597622086	-0.811438839194954	0.224167093438761	-3.6197946217143	0.000294836938171759	0.00201849903825281
Sym_100437_c0_g1	99.6229742577636	-0.168971693269811	0.0873851300289252	-1.93364355255729	0.0531569685275846	0.125704994921209
Sym_100629_c0_g1	163.935505774579	-0.131150468447128	0.15351380730727	-0.854323599600524	0.392925714659811	0.554618446718814
Sym_100793_c2_g1	111.49258317171	-0.276878239159016	0.120590481643779	-2.29602067580181	0.0216746992187128	0.0653914654395065
Sym_100802_c0_g1	129.942710782282	0.00979721381834573	0.097861662729258	0.10011288941054	0.920254702473814	0.949596156755588
Sym_101037_c0_g1	139.6079037188	0.0875719119574636	0.129885411930206	0.674224384833308	0.500168668883256	0.644374602228779
Sym_101057_c0_g1	182.900073397834	-0.219047507890483	0.156255548964621	-1.40185426592484	0.160958769818343	0.283669911165
Sym_101138_c0_g1	94.8584293652267	0.301683224738968	0.160691118292786	1.87741069913577	0.0604618262213782	0.140682419181769
Sym_101210_c1_g3	60.3748020175554	0.0194711928803155	0.0917554980856052	0.212207369439044	0.831945257686827	0.894781002225107
Sym_101261_c1_g1	77.9634910322496	-0.306778323819038	0.0833984950464157	-3.67846354599444	0.000234643219779947	0.00174027054670127
Sym_101299_c0_g1	53.9562309420764	0.475408822952598	0.137453108927656	3.45869821833433	0.000542792706659925	0.00316777382903169
Sym_101312_c0_g2	33.0047376151922	0.805943159974526	0.19880978162597	4.05384057757673	5.03835586927665e-05	0.000560517090457027
Sym_101326_c0_g1	177.377643802594	-0.104263403058678	0.114045201407619	-0.914228759928446	0.360596655053903	0.523969017139548
Sym_101441_c0_g1	121.549910983317	-0.302398866788865	0.13484902152943	-2.24249952546277	0.0249291059437319	0.0704346167934012
Sym_101501_c0_g1	143.769621595104	-0.0129117019876386	0.0891205370064973	-0.144879086474729	0.884806338780229	0.92917715812909
Sym_101501_c0_g2	76.0384064816429	-0.289221912449474	0.160314828243152	-1.80408709299683	0.0712176547808451	0.160465095582157
Sym_101543_c0_g2	265.168668159089	-0.354624098294934	0.0825526476173783	-4.29573258435725	1.74117374350236e-05	0.000258274105286184
Sym_101543_c0_g3	232.021026486151	-0.348189065383599	0.122202476101045	-2.84927995317946	0.00438183049894907	0.0175273219957963
Sym_101592_c0_g2	200.009298193438	-0.209783724725058	0.113284990500607	-1.85182276838285	0.0640512770436537	0.148066588490524
Sym_101592_c0_g3	114.634548431731	-0.141027857102449	0.163539229282638	-0.862348793748539	0.388495609644508	0.553217748133779
Sym_101757_c0_g1	135.173528780022	-0.0400498669705779	0.108144820100981	-0.370335508748187	0.711132519478864	0.808828041324204
Sym_101806_c0_g1	98.6780978468885	-0.367820116210922	0.151877852885117	-2.42181535506133	0.0154431951402261	0.0495295267560404
Sym_101851_c0_g1	310.535174587048	-0.320538105945812	0.134827201631367	-2.37739938282038	0.0174351989353935	0.0544467615877202
Sym_101880_c0_g1	136.772060108773	-0.118249328457412	0.105263347320215	-1.12336659879999	0.261281829437683	0.395814175658788
Sym_101976_c0_g1	121.801089413177	-0.448833192647363	0.132076587085177	-3.39827975989346	0.000678110376938316	0.00383186181254033
Sym_102324_c0_g5	59.4962403015031	-0.248506103960044	0.0969938708752113	-2.56208048733061	0.0104047202665404	0.0366740635137465
Sym_102382_c3_g3	586.552700350433	-0.197242963485838	0.0744897390632096	-2.64792125689236	0.00809883869750508	0.0291230967304223
Sym_102395_c0_g1	159.745404305108	0.0581662123465616	0.099760211625778	0.583060234121752	0.559852752259063	0.694451497575701
Sym_102471_c7_g1	197.904306614218	-0.418394087951014	0.183593976516425	-2.27890966735275	0.0226724356343105	0.0667056783951615
Sym_102539_c1_g2	59.7282996185038	0.0420845592537002	0.127076857188354	0.331174064143892	0.740513009698809	0.824544563350837
Sym_102539_c1_g5	232.502677908044	-0.00200265654133319	0.119064420138285	-0.0168199411630044	0.986580261399392	0.989359360727277
Sym_102539_c1_g9	70.1195224480398	-0.23341516316107	0.16929249262695	-1.37876854158807	0.167966128918319	0.290798862724961
Sym_102636_c0_g1	272.764086491909	-0.142097087845352	0.059195322618429	-2.40047830740454	0.016373661202083	0.0515842777693942
Sym_102664_c0_g1	116.673973737922	0.109711698799613	0.183901060180258	0.596580023476073	0.550787811773567	0.688001617513648
Sym_102695_c0_g1	84.2386617212152	-0.359965059232407	0.166620563217092	-2.16038796341964	0.0307426484606706	0.0810695026073979
Sym_102774_c0_g1	262.926611364385	-0.182291512150079	0.127272359725034	-1.43229458889512	0.152059531039978	0.273399964900162
Sym_102797_c0_g2	70.8901840916926	-0.0748048900186242	0.111736351235865	-0.669476756590324	0.503191402864046	0.644374602228779
Sym_102806_c2_g3	63.313994813787	0.107149269036855	0.0921509380100787	1.16275831099121	0.244927575853526	0.378268554062769
Sym_102806_c2_g4	124.219443314987	0.0397891708429996	0.17706765022766	0.22471168952568	0.82220357023917	0.891562130085757
Sym_102873_c0_g2	48.4830120547612	0.06896663300183	0.165639957279069	0.416364711357872	0.677143146730149	0.794656539800415
Sym_102902_c2_g1	96.6838810009363	-0.254820876177918	0.196643162577735	-1.2958542409385	0.195025706735653	0.322926286501826
Sym_103005_c0_g1	193.308695119787	-0.103413835496956	0.131009847043193	-0.789359256811136	0.429902061890676	0.579716416791972
Sym_103012_c3_g1	47.2661350433395	0.161117025584157	0.150734920554813	1.0688765747919	0.285125288664208	0.42665401658027
Sym_103171_c0_g1	168.869127111031	-0.369771967121059	0.126933225986473	-2.91312195248599	0.00357834824356013	0.0149869644083224
Sym_103259_c1_g1	53.177275508399	0.0628830573270627	0.126250124236166	0.498083132254448	0.618425448981148	0.753970752867427
Sym_103259_c1_g2	45.4687641105519	0.352346762429773	0.192587259615082	1.82954346582426	0.0673182340697493	0.152645167699559
Sym_103259_c1_g4	184.214780546685	-0.0569909436726423	0.118715263464259	-0.480064163693661	0.631181769174564	0.757768989197062
Sym_103259_c2_g1	65.1618445036304	0.387481737883743	0.100801529521357	3.84400653168309	0.00012104178167158	0.00107727185687707
Sym_103301_c0_g1	242.007899298089	-0.223665224163276	0.152394392874938	-1.46767358000387	0.142192910598465	0.260697820539129
Sym_103490_c0_g1	86.1327030015036	-0.179298506144545	0.180606875126011	-0.992755707773844	0.320829019596802	0.471963351142403
Sym_103496_c0_g1	109.876429071691	-0.42544615851717	0.120065343812181	-3.54345513042213	0.00039492050621311	0.00246652105634855
Sym_103660_c1_g1	113.512875576311	-0.0159728340979511	0.143867882878239	-0.111024321609497	0.911597060104293	0.943396957549792
Sym_103755_c0_g1	147.431343721878	0.0872813682496408	0.102303957238908	0.85315730305344	0.393572077433922	0.554618446718814
Sym_103763_c6_g1	100.582581929464	0.190691144021895	0.116435143574974	1.63774559954149	0.101474774017369	0.207615054886111
Sym_103763_c6_g2	73.9752352163565	-0.0106946012689106	0.201805872059958	-0.05299449991095	0.957736289992613	0.971379257086525
Sym_103894_c0_g1	70.7994010278732	-0.0809310318493769	0.16899415953729	-0.478898395488745	0.632010912481194	0.757768989197062
Sym_103894_c0_g2	51.1413442280298	-0.218231654673699	0.100236123989501	-2.17717571258598	0.0294674597054309	0.0794728458722227
Sym_103894_c0_g4	40.7120237859022	-0.032829382635206	0.160129222857209	-0.205018060098129	0.837558014806231	0.895407367180235
Sym_104048_c2_g7	60.3798140691855	0.880397745281717	0.216018108307528	4.07557381267484	4.59010191500112e-05	0.00052712138120658
Sym_104174_c0_g1	75.6166035544975	-0.242657011733067	0.125577367112913	-1.9323307799158	0.0533186916660184	0.125704994921209
Sym_104246_c3_g2	51.0335681674759	0.149297521933194	0.141905515747565	1.05209104203377	0.292757781648498	0.436074352581027
Sym_104246_c5_g1	86.7450183138005	-0.183428631267773	0.133133478409238	-1.37777990524617	0.168271252026241	0.290798862724961
Sym_104246_c5_g4	52.1071244415124	0.154316484806678	0.108732215139107	1.41923425922347	0.155830731056185	0.278758770504605
Sym_104264_c2_g1	41.0144510681949	1.251919126191	0.207607324401608	6.0302261964959	1.63730349235441e-09	6.47644492531299e-08
Sym_104397_c2_g9	137.857904220781	-0.73041666882373	0.149554783115305	-4.8839405441188	1.03986442185813e-06	2.17759843636173e-05
Sym_104594_c0_g1	92.4371174197166	-0.0352191328908184	0.11188116118212	-0.314790555610061	0.752920682994626	0.83501483846133
Sym_104762_c1_g5	39.6200802769532	0.582701879108036	0.172265775713354	3.3825748422463	0.000718097082002481	0.00393296247989051
Sym_104781_c1_g2	81.3001414535714	0.386249168309568	0.254691073867575	1.51653987100622	0.129382896485481	0.246311824325301
Sym_104866_c10_g1	93.1879377356565	-0.231748834176982	0.195887043188003	-1.18307382869913	0.236779888977574	0.369708949456212
Sym_105077_c3_g2	75.9128525485591	0.474764103664857	0.209204565663429	2.26937735397545	0.0232453881261691	0.067279334739156
Sym_105147_c1_g1	49.917149190829	0.913774949752071	0.212399291220428	4.30215630429648	1.69143919265118e-05	0.000258274105286184
Sym_105147_c1_g2	34.7146896777423	0.606671574226548	0.303552063145579	1.99857503170913	0.045654354144219	0.11365699353386
Sym_105388_c1_g2	42.8268076372011	-0.0328561501177603	0.18055936887289	-0.181968680566725	0.855607304799029	0.906536311037067
Sym_105558_c0_g1	57.0476533392345	0.0506824376786708	0.083637291134211	0.605978947803818	0.544528732853791	0.682578270760386
Sym_105819_c0_g1	69.2621068754184	-0.15731002597124	0.103658625701644	-1.51757776939874	0.129120874570565	0.246311824325301
Sym_105943_c4_g1	59.1766380331378	-0.123929198234538	0.145872683692859	-0.849570975848198	0.395563654194746	0.554618446718814
Sym_106497_c4_g4	86.8595192610866	0.451970529045893	0.20019098690547	2.25769669270532	0.0239645755752039	0.0688015234255854
Sym_106752_c2_g1	142.126260336363	-0.0285420798145602	0.0770105172666233	-0.370625738244853	0.71091630893437	0.808828041324204
Sym_106752_c4_g4	73.7294782359976	0.00342333795512591	0.0983438173982356	0.0348098949755364	0.972231330365139	0.981989378609893
Sym_106900_c1_g4	41.4020867770919	-0.25897896661071	0.0965107974210795	-2.68341961242717	0.0072873492269279	0.0273083823661719
Sym_106992_c0_g1	114.365444572509	-0.0324950638850278	0.0951610336124816	-0.341474473862437	0.732746418207489	0.824544563350837
Sym_107127_c2_g8	55.8703779246841	-0.0751290257173248	0.222259229759653	-0.338024323212889	0.735344858242288	0.824544563350837
Sym_107242_c3_g1	60.7031058589942	0.387337943482399	0.144833063031872	2.67437514179454	0.00748686493909292	0.0277637908158029
Sym_107300_c1_g1	41.2676388379361	-0.07860393991065	0.111842118641055	-0.70281161395843	0.482173158482839	0.626473154817119
Sym_107369_c2_g3	136.657756772162	0.0161135049227462	0.125336119214298	0.128562341197077	0.89770396632148	0.934452081901891
Sym_107499_c4_g1	67.4262758286162	-0.248074664717375	0.171339837533234	-1.44785163969388	0.147658547041759	0.266834734755666
Sym_107578_c2_g1	57.787679025716	0.272249113952073	0.167196325055499	1.62831996374145	0.103457058531096	0.210461216211829
Sym_107578_c2_g2	189.365189536071	-0.162381266244783	0.105288023998179	-1.54225770489901	0.123010982463775	0.236713025714074
Sym_107647_c1_g2	62.0383348200576	0.152883405516207	0.0971889207917204	1.57305384472621	0.115706350949635	0.226326708450935
Sym_107783_c2_g1	53.9858241169658	0.993240995440217	0.187529759750396	5.29644466436809	1.18079098429763e-07	3.82146900372686e-06
Sym_107887_c2_g1	61.2826771859433	0.932936150296756	0.213450397246573	4.370739817453	1.23826271173027e-05	0.000200373420625444
Sym_108316_c1_g1	146.443418572611	-0.244727455282282	0.15437888135829	-1.5852392058361	0.112911995877458	0.223314836290972
Sym_108329_c1_g2	49.7144341890771	0.356669133885267	0.112317142794616	3.17555383809463	0.00149550767756562	0.00720793233293604
Sym_108395_c0_g2	167.721487529517	-0.190706855581986	0.106855228074156	-1.78472180555955	0.0743064521850571	0.165331856111752
Sym_108429_c4_g2	255.463536947024	0.380202947507519	0.151731959786477	2.50575388364162	0.0122190639996283	0.040849547318948
Sym_108429_c4_g6	36.6687316701443	0.426027689637342	0.140517685166927	3.03184392150528	0.00243064849153609	0.0108163857873356
Sym_108771_c2_g1	116.873057211098	-0.0893240456187339	0.10119836115633	-0.882662966060754	0.377418397113286	0.54177802166262
Sym_109060_c7_g1	61.2226061686526	0.409424456940382	0.131288625743341	3.11850668420259	0.00181770018928694	0.00839666330319402
Sym_109253_c1_g1	76.5620919579518	-0.198421780083923	0.156030050860522	-1.27168951743338	0.203483456549546	0.333825394155015
Sym_109253_c1_g2	140.534231732315	-0.293564235705973	0.112077293181198	-2.61930162099258	0.0088110003596453	0.0313671612803373
Sym_109253_c1_g3	38.8533977882545	-0.03417272918489	0.103455673908876	-0.33031275998443	0.741163652450191	0.824544563350837
Sym_109358_c2_g1	50.7822678973861	0.0514312569855819	0.146535284068802	0.350982067646136	0.725601801610322	0.820045210708808
Sym_109489_c3_g1	112.081581312002	-0.556825534061899	0.150847285040401	-3.69131956145427	0.000223093634894896	0.0017070864781274
Sym_109725_c2_g2	50.1390678357272	0.0600676097269504	0.220086951874231	0.272926719259922	0.784909546966197	0.85977784221528
Sym_109973_c6_g1	53.2899908744277	0.84156189858801	0.160801965969933	5.23352991060672	1.66303080605947e-07	4.93365805797642e-06
Sym_110125_c3_g1	78.378399720645	-0.0553547777587084	0.0720230370871345	-0.768570446310663	0.44214835553863	0.591747423202076
Sym_110573_c2_g1	108.359389900697	-0.142512808023739	0.122244982748918	-1.16579678624889	0.243696616892617	0.378268554062769
Sym_110573_c2_g2	35.597258099939	-0.227416090437314	0.191124975374106	-1.18988159444977	0.234092933560541	0.367123719592743
Sym_110573_c3_g1	78.6294640174145	0.0975151415727135	0.145612491572708	0.669689396283848	0.503055812670777	0.644374602228779
Sym_110573_c3_g4	63.0849302615283	0.0633244003887588	0.247731564588976	0.255617004211084	0.798246587059942	0.871704861942758
Sym_110707_c7_g1	472.238103561732	0.613363237362222	0.314637897319751	1.94942580848387	0.0512445949169322	0.124102556397469
Sym_110716_c0_g1	116.01672218978	-0.280376751603688	0.188008283326076	-1.49129999297643	0.135882750792111	0.255948461809479
Sym_110740_c0_g1	97.657249982795	-0.264135552230634	0.117947268333162	-2.23943763991665	0.0251274545897806	0.0704360144406447
Sym_111127_c1_g1	79.5978627509534	0.393922006562459	0.099048987253382	3.97704224430633	6.97777726039239e-05	0.000709739629914197
Sym_111127_c1_g2	121.118581050084	0.57226456950853	0.159246656657065	3.59357352626179	0.000326173550888173	0.00215032933548499
Sym_111423_c4_g1	58.4338743386839	0.514994480648323	0.144786256794744	3.55692931117354	0.000375215068591601	0.00242866480761109
Sym_111553_c2_g1	48.6952195618955	-0.112668930654525	0.19449436756687	-0.579291483162297	0.562392511278209	0.69512213983582
Sym_111600_c1_g1	40.6457527913602	0.155666477138462	0.123240696853465	1.26310935521203	0.206549882389318	0.335761452651128
Sym_111787_c1_g1	920.352379670972	-0.467271918405791	0.137775380133828	-3.39154875095905	0.000694987979375349	0.00386587063527538
Sym_112013_c3_g1	228.134988194219	0.035067875720116	0.0755265560196017	0.464311860202056	0.642424327890291	0.762408702396503
Sym_112123_c0_g2	39.7530351511505	0.156690989684184	0.205688497881336	0.761787806795988	0.446186658885454	0.594915545180605
Sym_112389_c0_g1	42.6802998490312	0.25739008117691	0.10381723981452	2.47926145635122	0.0131654760433314	0.0433973099206108
Sym_112403_c2_g7	32.8753387748961	-0.182126413749811	0.13419959450989	-1.35713087967929	0.174739628250498	0.296225274557987
Sym_112513_c2_g1	69.3196067802546	-0.651982766751941	0.129994326429252	-5.01547094139354	5.29037202709358e-07	1.25558162776354e-05
Sym_112519_c1_g6	39.5649448473816	-0.139318022751324	0.119949413973902	-1.16147314218339	0.245449539293538	0.378268554062769
Sym_113175_c1_g1	106.126480914002	0.137212299098772	0.0999607564797458	1.37266167174889	0.169857549822254	0.292112425039723
Sym_113215_c4_g5	79.1093881125158	0.231998978789792	0.158481321622387	1.46388846593907	0.143224425347203	0.260697820539129
Sym_113244_c2_g3	49.1431226222698	0.204581401495783	0.222663407102564	0.918792199211915	0.358204273473362	0.523286480012069
Sym_113270_c1_g1	268.494923629562	-0.261733682374612	0.141683849725853	-1.84730781158929	0.0647025414532561	0.148607127466833
Sym_113516_c10_g2	44.4855037514163	0.834271488570778	0.180578547311861	4.6199922470856	3.83754383535467e-06	6.83082802693132e-05
Sym_113535_c0_g1	39.5397871095207	-0.404349441062055	0.109617439328663	-3.68873277407718	0.000225373776606708	0.0017070864781274
Sym_113535_c0_g2	45.6221100289398	-0.271355037565405	0.167032556528454	-1.62456375694148	0.104255544942167	0.210880534087564
Sym_113653_c1_g2	45.331448996082	0.281952687471294	0.199201160514421	1.41541689186536	0.156946299821303	0.278758770504605
Sym_113764_c0_g1	305.41443216908	1.09301348673218	0.141510844666284	7.72388497369063	1.12836673900821e-14	1.3389951969564e-12
Sym_113783_c0_g1	288.127506841961	0.000729351678075374	0.0958472959816764	0.00760951752060703	0.993928542049588	0.993928542049588
Sym_114475_c0_g3	217.255890999722	-0.343445175816355	0.129062481919923	-2.66107679557445	0.00778911894968182	0.0285868695472859
Sym_114698_c0_g1	298.626936021455	-0.546241355686767	0.115864924592144	-4.71446693302213	2.42344354223893e-06	4.79303278353922e-05
Sym_114890_c0_g1	97.1823231032446	-0.586829086865821	0.178710950418045	-3.28367727603203	0.00102462180557199	0.00528645453309609
Sym_114907_c1_g1	136.165215947352	-0.296901619501526	0.164852978682367	-1.80100852210615	0.0717015367482879	0.160539289826355
Sym_114907_c2_g1	124.330177177454	-0.0763968341313612	0.0908875600055345	-0.840564254631867	0.400592090913973	0.557073376427244
Sym_114907_c3_g1	130.134358221509	-0.22763265856537	0.138529154242574	-1.64321120568433	0.100339242218212	0.206478440634009
Sym_114907_c3_g2	191.03758037395	-0.39854284277143	0.197693420591223	-2.01596412050308	0.0438037277669229	0.110596645993082
Sym_114970_c0_g2	72.6864419635052	0.236251744553078	0.0927112018184937	2.54825457894077	0.0108263433097996	0.0371529972996974
Sym_115069_c1_g1	41.5464029314964	-0.180224755593707	0.145072163972787	-1.24231107235371	0.214121811687623	0.344161805252858
Sym_115147_c3_g1	67.7716355076396	0.327924678696754	0.150123047793682	2.18437264308296	0.0289348767662609	0.0789463297771121
Sym_115306_c0_g1	53.4207002104127	0.52955553126637	0.124508329300165	4.25317353660505	2.10762117306163e-05	0.000288581976003823
Sym_116433_c1_g2	76.9875475598863	-0.236839134697165	0.0844516966612751	-2.80443311455419	0.00504051444842362	0.0198818073256819
Sym_116556_c1_g3	38.695738717137	0.348338397033973	0.196316054780505	1.7743754957965	0.0760010603164096	0.166369486747708
Sym_117295_c0_g5	107.014957421138	-0.201155601454706	0.11401150229883	-1.76434480204872	0.0776739453117647	0.167587421399929
Sym_117295_c0_g7	77.036224345626	-0.0909513140510726	0.0792561144060337	-1.14756211218132	0.251149378167237	0.383730380375693
Sym_117309_c3_g2	54.0050166923125	-0.0792366093713339	0.170682036062894	-0.464235201308098	0.642479243592559	0.762408702396503
Sym_117444_c0_g1	275.770126488018	-0.0478903378751705	0.117190892840042	-0.408652385134892	0.682794781237564	0.79696702334614
Sym_117760_c6_g1	43.670348211768	-0.109103837389886	0.15647574764243	-0.697257172652748	0.485641864986363	0.628685468855073
Sym_117960_c0_g2	49.4965045173528	0.296808215429386	0.148238449304324	2.00223502621819	0.0452594602490907	0.11346737921603
Sym_117960_c0_g3	92.5353195141153	-0.0478364466821631	0.0829818993685825	-0.576468447289775	0.564298591046495	0.69512213983582
Sym_118341_c1_g2	333.476202634697	0.111935178316595	0.178570069832538	0.626841768172948	0.530762961382186	0.667673548593845
Sym_118541_c1_g1	120.351824794728	-0.315666025740641	0.182329503014724	-1.73129428052656	0.0833992910372509	0.177785315025517
Sym_118811_c2_g1	71.0605517993006	0.393137914096678	0.0863085484975098	4.55502868418673	5.23784304404984e-06	8.87939106515116e-05
Sym_118868_c0_g1	55.1541702237404	-0.0114128961971647	0.131218903035428	-0.0869760067578315	0.930690583653031	0.952400279241051
Sym_118905_c5_g3	52.3422831974631	-0.0641784337420167	0.109408380193585	-0.586595228157665	0.557475588261741	0.693920662311817
Sym_119017_c0_g5	118.881054181901	0.0961338808741333	0.147801716775291	0.650424656570734	0.515417954804808	0.657665920826207
Sym_119054_c0_g1	123.350005358017	0.370891772634065	0.153623259362817	2.41429438597001	0.0157657185331462	0.0501124624803576
Sym_119250_c0_g3	221.170967861663	-0.38322215730178	0.144555824647293	-2.65103227930675	0.00802461717236525	0.0291230967304223
Sym_119275_c3_g2	197.608501879919	-0.199745308520965	0.081694790607216	-2.4450189178075	0.0144844544125475	0.0468973579301798
Sym_119480_c3_g1	49.8628586971661	0.484732702260276	0.168794212006536	2.87173770058838	0.0040822164533285	0.0165144211066471
Sym_119843_c6_g1	40.6559090912376	0.0861799385248648	0.114316460326149	0.753871649620629	0.450926295505384	0.596764911523854
Sym_119993_c5_g1	46.8682974243926	0.833222282436384	0.236807733378703	3.5185602705968	0.000433895244408543	0.00261807977982104
Sym_120482_c0_g1	789.569721976923	-0.469931690210399	0.136997646947782	-3.43021723861811	0.000603098190724477	0.00346295090157926
Sym_120595_c3_g2	118.289482818117	-0.0175710918016322	0.107248569741966	-0.163835208655064	0.869860873666432	0.918903474852373
Sym_120676_c2_g1	61.2962872784199	-0.0573526035640305	0.145264158187117	-0.394815928992985	0.692978738346299	0.798383271363373
Sym_120913_c7_g2	107.964274861697	-0.265179922436414	0.357188963689229	-0.742407939196948	0.457840210806438	0.603670796470711
Sym_120986_c2_g1	51.0921551796066	0.639561974535278	0.177505042898439	3.60306368817482	0.000314488433240876	0.00211241287233494
Sym_121225_c2_g1	75.1088518400863	-0.354326200156239	0.0848675400124883	-4.17504973166537	2.97920963502606e-05	0.000392814307433065
Sym_121495_c10_g2	61.2252081817335	0.615167007527396	0.193389891455064	3.18096774810144	0.00146783969790157	0.00720793233293604
Sym_121495_c10_g3	78.8511236780886	0.162144582018566	0.151730812866071	1.06863318633696	0.285234988612653	0.42665401658027
Sym_122621_c3_g1	45.8444629303247	0.292614219445189	0.105067841980763	2.78500266045974	0.00535272838754891	0.0207127315866023
Sym_122968_c2_g6	51.0744842677102	-0.116654135604719	0.0874876220939057	-1.33337874333248	0.182407544507964	0.306307008702052
Sym_123848_c1_g2	95.4733908886368	0.503800867059663	0.312649029518627	1.61139430957245	0.107093806723639	0.214187613447278
Sym_123931_c0_g2	43.4309879539772	0.669871470948034	0.169448411560547	3.95324727318954	7.70976896806072e-05	0.000741804798008004
Sym_123942_c3_g1	132.495962568442	-0.174402991687371	0.112822124871963	-1.54582261134768	0.122147414617117	0.236328693498334
Sym_124087_c4_g1	143.074215871952	-0.0618901348508248	0.125506293341513	-0.493123756610486	0.621925145800765	0.755649665205025
Sym_124628_c1_g1	39.2954437930849	0.423020994205616	0.213114234929505	1.98494950065417	0.047150090233864	0.116551808729042
Sym_125225_c1_g2	275.527127471021	0.268156028680773	0.159695941671928	1.67916620718929	0.0931196558964232	0.195003514700745
Sym_125225_c1_g3	71.4648891679688	-0.27855991275699	0.146290563063476	-1.90415503860028	0.056889995399371	0.133242357645895
Sym_125797_c5_g1	313.73912959135	-0.187433936457375	0.105696298280757	-1.77332545705151	0.0761747930895404	0.166369486747708
Sym_126375_c0_g3	210.022607165114	-0.112509881500828	0.0815642885513209	-1.3794012489919	0.167771074387202	0.290798862724961
Sym_126811_c0_g5	205.573793660465	-0.357908270636143	0.166692082217967	-2.14712220205001	0.0317835541945606	0.0831981271563498
Sym_127086_c1_g3	300.587405213104	0.236893760236764	0.157156604563211	1.50737387649198	0.131714850951927	0.249417483717478
Sym_127107_c0_g1	66.2053809483281	0.598550285430682	0.204747695233568	2.92335542408856	0.00346280994328874	0.0146757183310809
Sym_127689_c0_g1	117.717246261137	0.164461422444209	0.0848449782407394	1.93837544489158	0.0525774339703784	0.125621251633924
Sym_128149_c1_g1	151.294106749759	-0.0720708561633567	0.148180650486896	-0.486371573660558	0.626703741268717	0.757768989197062
Sym_128217_c1_g1	35.1438492631151	0.957581414389007	0.100673645587887	9.5117387355666	1.8750193628003e-21	6.67506893156906e-19
Sym_128685_c8_g1	104.611947006534	-0.22719398029205	0.0748620459442144	-3.03483530841983	0.00240667066509131	0.0108163857873356
Sym_128696_c2_g1	113.926770340123	-0.296890603959062	0.100377677671115	-2.95773533366468	0.00309908087239276	0.0132924432599015
Sym_129674_c4_g3	61.4436670794098	0.0659427735082438	0.137766648466587	0.478655568980016	0.632183679189684	0.757768989197062
Sym_130165_c13_g1	58.8755020258245	0.596458378174557	0.16142029151311	3.69506443448663	0.000219831031518644	0.0017070864781274
Sym_130366_c3_g5	88.7855101100078	0.325545225663338	0.160039201391624	2.0341592736814	0.0419355392911067	0.106636085625957
Sym_130444_c3_g1	357.523098281379	0.176008305562564	0.095747810519945	1.83824888116789	0.06602573991212	0.150674124414838
Sym_130891_c0_g1	284.425825462406	0.241735435301762	0.102311030968221	2.36275045822623	0.018139879479723	0.0561547573459252
Sym_131189_c6_g1	162.334678381994	0.0546318901007635	0.198485186426134	0.275244168516801	0.783128655348508	0.85977784221528
Sym_131859_c1_g2	39.828679739641	1.07730267653304	0.258634849851429	4.16534228527936	3.10885779929165e-05	0.000395269063052796
Sym_132105_c3_g7	37.8096324930472	-0.0113050673883254	0.175114598098929	-0.0645581094383618	0.948525838920248	0.964786281873166
Sym_132395_c3_g1	37.5384741252254	0.364951159640185	0.171095183485901	2.13303000239196	0.0329222650980429	0.0855498275540386
Sym_132541_c0_g1	41.230479121171	0.0479829859093903	0.12324976360471	0.389315034009173	0.697043116326029	0.800475320684084
Sym_133183_c1_g1	48.7072222022536	0.348666772215555	0.170345955824176	2.04681567301448	0.0406761862106234	0.104177858208503
Sym_133411_c1_g2	71.635442062109	-0.365921829763944	0.263658629516839	-1.38786213989849	0.165179028405608	0.28967356705614
Sym_133813_c2_g1	356.543887214724	-0.24570912189169	0.123966216011722	-1.98206519321729	0.0474719445666041	0.116551808729042
Sym_134154_c0_g2	46.604226705369	1.04964463863175	0.156961215306388	6.68728664328222	2.27346308512106e-11	1.01169107287887e-09
Sym_134172_c0_g1	95.9351122348493	0.0249231156978019	0.11584580737282	0.215140420383047	0.829657840768433	0.894781002225107
Sym_134569_c0_g2	38.1904222865862	0.203603749532799	0.119025916444209	1.71058333861461	0.0871580568713576	0.184692072894067
Sym_134584_c0_g1	142.504466406339	0.06161616440799	0.143638927239749	0.428965640387621	0.667948229727869	0.787382681401064
Sym_135168_c1_g2	35.6419263898619	0.0392496518166859	0.109502474721707	0.358436208098823	0.720016899077888	0.816324891948179
Sym_135168_c1_g4	54.1976457655158	0.00860597448064314	0.121787970041837	0.0706635842414222	0.943665503921561	0.962592892252366
Sym_135260_c3_g1	77.8421470660033	-0.258843553061293	0.161047850422287	-1.60724624627137	0.108000360850933	0.214794013759398
Sym_135943_c0_g1	77.0271610232709	-0.422892227818748	0.133193696099089	-3.17501683791504	0.00149827806920581	0.00720793233293604
Sym_136070_c2_g1	153.17136805511	0.281280460118679	0.110017424941214	2.55669009040139	0.0105673316399308	0.0368820594491701
Sym_136210_c0_g3	38.486649413397	0.0455744745766285	0.204851549897096	0.222475615144343	0.823943653927568	0.891562130085757
Sym_136536_c0_g1	50.7637267326534	0.124209442364945	0.156782281230323	0.792241581065356	0.428219827561305	0.579643568866253
Sym_136781_c0_g5	237.679917421691	-0.11993999466268	0.11143844773577	-1.07628917218111	0.281797949668139	0.425085042719735
Sym_136909_c0_g1	1166.26111372637	-0.00593593985345724	0.0685528644987911	-0.0865892314910039	0.93099802577496	0.952400279241051
Sym_136948_c0_g1	208.643471468772	0.236584372914968	0.0782913821705656	3.02184437617342	0.00251239677439214	0.0110421389096741
Sym_137859_c0_g1	44.6158573226038	-0.421991377978786	0.103102813186551	-4.09291817494106	4.25978072031102e-05	0.000505493978810241
Sym_138988_c3_g1	80.1818909284667	-0.091170847153186	0.160549135120798	-0.56786881526698	0.57012404843337	0.699876418076827
Sym_139720_c2_g1	94.6308717230989	0.190640351169095	0.165203098979954	1.15397563572477	0.248510157908074	0.381334552652045
Sym_139797_c4_g1	57.715336372875	0.639530320662508	0.167560785588515	3.81670638757343	0.00013524495070094	0.00114636196308416
Sym_139907_c0_g1	110.06492345396	-0.0163621590356258	0.132874402550977	-0.123140038423492	0.90199620645333	0.936182651595876
Sym_140163_c0_g1	81.3754219130159	-0.379355765632221	0.10153392427285	-3.73624646490357	0.000186787596083239	0.00151128145921894
Sym_140883_c1_g1	132.46201659146	0.16251038491149	0.198854916421796	0.817230913048108	0.41379647963369	0.569331894963471
Sym_141083_c0_g1	202.1204571463	0.20322765836278	0.149061903163091	1.36337759045264	0.17276353994612	0.294276651774253
Sym_141362_c0_g3	102.39924275782	-0.298519084265008	0.0822074360110316	-3.63129053465369	0.000282007493661647	0.00196852289693228
Sym_142188_c6_g1	34.5317190739126	0.599349576901016	0.192410235749451	3.11495682423811	0.00183971836418296	0.00839666330319402
Sym_143145_c5_g3	35.7265918227536	0.270847292899723	0.124082454215612	2.1828009013191	0.0290504752831508	0.0789463297771121
Sym_143244_c1_g1	65.8002367501054	-0.170020289896763	0.0963088137220298	-1.76536584063305	0.0775023005169972	0.167587421399929
Sym_143319_c2_g2	50.2992310150372	0.190715955536429	0.186463994525	1.02280312090417	0.306400942135598	0.452608860582045
Sym_143426_c2_g1	55.0371251553722	-0.00904451052896971	0.0976423420601077	-0.0926289797862694	0.926198320179165	0.952400279241051
Sym_144233_c1_g1	39.9119629203529	0.801857509952817	0.157244362375113	5.09943566714303	3.40667628076006e-07	8.66269111393272e-06
Sym_144324_c2_g4	53.1014726430485	-0.478247412438478	0.190989001928608	-2.5040573415701	0.0122778133795715	0.040849547318948
Sym_144769_c1_g2	41.3027033867307	-0.257768161270127	0.113277781004128	-2.27554034855904	0.0228735350966921	0.0667457253641179
Sym_144984_c0_g1	136.532310407651	-0.113465398322468	0.136737270134555	-0.829805935212934	0.406648514581527	0.563295218642115
Sym_146541_c1_g1	46.0353459702569	0.311658588146091	0.160205702659405	1.94536513352881	0.0517310480146662	0.124434142521765
Sym_146798_c0_g2	471.532162630679	-0.301453724355231	0.129174192418201	-2.33369931494733	0.0196114719919965	0.0596725130696646
Sym_146798_c1_g2	72.4062871579722	0.0500260996933215	0.0986882798037461	0.506910240940511	0.612217799744832	0.748967480100207
Sym_147389_c1_g1	127.009490153095	0.117683841961256	0.147241570419122	0.799256905684107	0.424141461416582	0.579643568866253
Sym_147711_c0_g1	94.1268959741677	0.0168559381212849	0.0865558550643812	0.194740588129448	0.845596035434198	0.900214070800607
Sym_148542_c0_g2	222.269185443315	0.202549232689659	0.160122997732465	1.26496028401917	0.20588556530635	0.335761452651128
Sym_148791_c2_g2	45.6026221750335	1.12319436452034	0.13126496450509	8.55669575469076	1.16148533355153e-17	2.06744389372173e-15
Sym_148851_c1_g6	67.6725770839007	0.499325302793784	0.15127427408318	3.30079457211095	0.000964114460309517	0.00520037496773012
Sym_149385_c2_g1	143.563339774114	-0.152187814845874	0.165795097002586	-0.917927113631715	0.358657025626249	0.523286480012069
Sym_149661_c2_g2	40.5621359994039	-0.6324291048183	0.160873594163699	-3.93121760041466	8.45167318036127e-05	0.000791788329528583
Sym_151345_c3_g1	137.961348844371	-0.346684178968432	0.157765510806904	-2.19746494145195	0.0279872576590594	0.0772361529195748
Sym_152125_c5_g2	805.362549398188	0.0290026932335154	0.115666849961859	0.250743348185577	0.80201254401265	0.873139038741601
Sym_152309_c0_g2	111.677030872433	0.215046940956055	0.136152023389348	1.57946195438532	0.114230136470072	0.22467363858202
Sym_152567_c7_g1	36.1540895273752	0.233755562124204	0.140238235822844	1.66684614044558	0.0955450028096629	0.198912403510175
Sym_152950_c3_g7	65.7528528555852	0.0170226602936218	0.13073559259137	0.130206778094686	0.896402832091647	0.934452081901891
Sym_153078_c0_g1	40.6942630285172	1.00194804703377	0.136099406736675	7.36188401594094	1.81332497568644e-13	1.61385922836093e-11
Sym_154888_c1_g1	69.8550281800669	0.00712479654869883	0.216228301461494	0.0329503423027518	0.973714187217113	0.981989378609893
Sym_157791_c0_g1	58.7050808743869	0.125285714121347	0.140193955786116	0.893659882973033	0.371503895841049	0.535446910604913
Sym_158035_c0_g1	47.3643877529803	0.0770408718278848	0.17058003513849	0.451640614127773	0.651527906422526	0.770577856101061
Sym_158124_c0_g1	48.7626748604394	-0.132988582689634	0.101379840041699	-1.31178528822825	0.189592590157273	0.316877756319199
Sym_17199_c0_g1	43.2446043596731	0.216401779863939	0.0964466016175642	2.24374707075764	0.0248486796644903	0.0704346167934012
Sym_172288_c0_g1	54.1168385650057	0.937845050872893	0.235762705124399	3.97791945243435	6.95209124639537e-05	0.000709739629914197
Sym_173607_c0_g1	39.4300835958825	0.264107012218638	0.0953018126403023	2.77126955827648	0.00558381803800728	0.0213746152852752
Sym_17477_c0_g1	52.4975902365206	-0.103108056649854	0.126278025033702	-0.816516227762788	0.414204946054885	0.569331894963471
Sym_175609_c0_g1	56.2749254226175	-0.151320607290369	0.235833970119505	-0.641640418527023	0.521106683176518	0.660919432297354
Sym_176037_c0_g1	45.1238295378148	-0.204626603290957	0.0896318597307166	-2.28296728312591	0.0224322956074084	0.0665491436353117
Sym_178992_c0_g1	75.5236896281009	-0.191360201144545	0.14172435073525	-1.35022810231121	0.176942826524538	0.298538607785476
Sym_18246_c0_g1	47.2198445760778	-0.644991349749687	0.156693761616842	-4.11625417051934	3.85079637361215e-05	0.000472718451381354
Sym_188258_c0_g1	92.9740345612705	-0.265620572036824	0.215791375111786	-1.23091375593313	0.21835512216705	0.348584858706143
Sym_204881_c0_g1	46.2683567434178	0.748330908628853	0.275962384559515	2.71171344537888	0.00669364304490793	0.0253503928083747
Sym_208475_c0_g1	56.8870697096983	0.086852989416799	0.115187367097996	0.754014885529144	0.450840283541414	0.596764911523854
Sym_209041_c0_g1	78.9462455650672	0.0378488994009256	0.114087958738239	0.331751920356164	0.740076591983479	0.824544563350837
Sym_210042_c0_g1	89.5689033520844	-0.576142744918206	0.147261484472532	-3.91237903774949	9.13913183754612e-05	0.000834238701068312
Sym_21232_c0_g1	119.366645513532	0.0615748386883514	0.148588873207093	0.414397372827054	0.678583112638556	0.794656539800415
Sym_214581_c0_g1	42.9850379419656	0.0712373715642279	0.152721549111179	0.466452651762771	0.640891531421466	0.762408702396503
Sym_218000_c0_g1	50.8003832779897	0.227748102440797	0.182788836268851	1.24596286671369	0.212778028104638	0.344161805252858
Sym_237228_c0_g1	38.3585799028672	-0.185482942724157	0.154343525930756	-1.2017539550533	0.229458869927685	0.361448485372813
Sym_237405_c0_g1	57.4502640568117	0.0839778934560836	0.131060505800211	0.640756671457529	0.521680787852687	0.660919432297354
Sym_237540_c0_g1	46.0196644198902	0.593151157054603	0.155172524639181	3.82252694820713	0.000132091037554626	0.00114636196308416
Sym_242526_c0_g1	51.8985805129867	0.0659911729778609	0.105131322985145	0.627702297508284	0.530198980004224	0.667673548593845
Sym_244110_c0_g1	57.2399363845378	-0.328272148718697	0.104756491792725	-3.13366878845303	0.00172635598293158	0.00819443639898191
Sym_244729_c0_g1	42.4490008344336	0.0961987072036862	0.135066180817059	0.712233859147785	0.476319973283356	0.621601210627708
Sym_245377_c0_g1	63.9595546523507	-0.233955505245379	0.587713372723202	-0.398077559748782	0.690573015145985	0.798383271363373
Sym_248486_c0_g1	51.3424561660385	-0.0306433203267355	0.148759916860789	-0.205991781747309	0.836797330862215	0.895407367180235
Sym_26664_c0_g1	37.5200756954543	1.08392367278808	0.160792323189887	6.74114069182288	1.57147943576264e-11	9.32411131885834e-10
Sym_271368_c0_g1	63.1828317980671	-0.607341645621779	0.118782641321022	-5.11305051703957	3.16997479595711e-07	8.66269111393272e-06
Sym_272568_c0_g1	45.1794359804089	0.1770994718257	0.142710805687472	1.24096750048162	0.214617754961052	0.344161805252858
Sym_276093_c0_g1	47.9512721057426	-0.190003197708599	0.129584440717485	-1.46625008879605	0.142580167369114	0.260697820539129
Sym_278149_c0_g1	86.6700903354228	-0.130240499004618	0.124590446964387	-1.04534899888309	0.295861699115756	0.438861520355038
Sym_281979_c0_g1	81.1922314525764	0.424264643700631	0.119935298068201	3.53744602743535	0.00040401675051279	0.00247982695142333
Sym_28806_c0_g1	34.2173590134487	0.364382935073956	0.111363183804261	3.27202332607892	0.00106780765767547	0.00543056465903522
Sym_289794_c0_g1	56.9661013508352	0.269835011662783	0.0864235444390247	3.12223958661129	0.00179480811376543	0.00839666330319402
Sym_294695_c0_g1	42.0332468160497	0.367974904872934	0.128082772346983	2.87294612796225	0.0040666345506753	0.0165144211066471
Sym_30446_c0_g1	109.687853208358	-0.102105902915163	0.130351705241085	-0.783310833765604	0.433444602826943	0.582287843797704
Sym_30458_c0_g1	47.2983293020386	0.488105153551475	0.137432573392459	3.55159727787108	0.000382900423602622	0.00243415269290238
Sym_310154_c0_g1	75.2825920051078	-0.0029660805181036	0.115977757672844	-0.0255745634130164	0.97959667488839	0.985131119379285
Sym_311128_c0_g1	57.3134971637293	0.388616920373462	0.118198140359119	3.28784293215387	0.00100958147836737	0.00528645453309609
Sym_317193_c0_g1	55.0125581776425	-0.711862350530704	0.176557210427711	-4.03190755453269	5.53259511555696e-05	0.000596849654890387
Sym_32537_c0_g1	89.7861659244862	-0.0458196240999137	0.113756973188373	-0.402785190355232	0.687106256829953	0.798383271363373
Sym_33974_c0_g1	44.5922620821267	-0.126768024746386	0.0925282733280748	-1.37004636730773	0.170672428113097	0.292112425039723
Sym_37542_c0_g1	37.2893055732965	0.790985669026759	0.240622138283628	3.28725226477043	0.00101170160801182	0.00528645453309609
Sym_37619_c0_g1	50.8576402492911	-0.198549542283362	0.152820089877857	-1.2992371777955	0.193862546357732	0.32250031076333
Sym_39803_c0_g1	56.2985985994612	0.284534147066904	0.1624084409074	1.75196649556618	0.079779569222715	0.171093533995702
Sym_39928_c0_g1	52.7803204280639	0.178831798989426	0.205019128017662	0.872268849831514	0.383061727022975	0.547670581607145
Sym_40740_c0_g1	49.3194043571499	-0.418337012820262	0.0978513873310961	-4.27522822343591	1.90941596511126e-05	0.000271900833431843
Sym_44628_c0_g1	48.4220965584815	0.0536815505892575	0.278423814802944	0.192805168721831	0.847111555388212	0.900214070800607
Sym_45312_c0_g1	54.1777702969633	-0.3639001344407	0.129881753099465	-2.80178027903598	0.00508214737819397	0.0198818073256819
Sym_55311_c0_g1	37.8785352069979	-0.247486720621832	0.139011111922173	-1.78033768092144	0.0750207139457936	0.165884311582003
Sym_57158_c0_g1	50.041133368069	-0.224879839147092	0.152362113233438	-1.47595641970748	0.139955591868877	0.259500993256876
Sym_62034_c0_g1	49.5554255958248	0.0251953759223573	0.169500957697583	0.148644445816702	0.881834199883749	0.928795784492942
Sym_62856_c0_g1	58.6416508585893	0.148644867896825	0.203193905140263	0.731541961331057	0.464448183951629	0.610123813604354
Sym_65138_c0_g1	106.402709482611	0.139152908882169	0.154722393337088	0.899371486446708	0.368454821661433	0.533211042729553
Sym_67222_c0_g1	89.9346723624611	-0.333051452497737	0.157181865537017	-2.11889235033479	0.0340995655846795	0.0879669952764195
Sym_67337_c0_g1	40.477844546607	0.71668005529518	0.152919187420841	4.68665879921818	2.77701362469938e-06	5.20324658101567e-05
Sym_72647_c1_g1	43.5876248791945	-0.538337607811472	0.148040304685181	-3.63642596491738	0.000276447049010513	0.00196830298895485
Sym_73573_c0_g1	79.2213475291732	-0.227917650640026	0.105441895368863	-2.16154736068344	0.0306530826398125	0.0810695026073979
Sym_74166_c0_g2	118.93058149597	0.192603375607189	0.129475327801933	1.4875681635796	0.136864814581527	0.25644144205802
Sym_75131_c0_g1	47.9531504452303	0.104128310479451	0.146318158348341	0.711656787201712	0.476677332869001	0.621601210627708
Sym_75561_c0_g1	57.2352137384445	0.149477205951235	0.177148851029925	0.843794385807133	0.398784313278446	0.556734178537753
Sym_76402_c0_g1	53.7091870397888	0.610290932646588	0.153850699688266	3.96677385207326	7.28520581496067e-05	0.000720425908368333
Sym_76645_c0_g1	326.311587286534	-0.441253308462611	0.137555357556032	-3.20782349958904	0.00133743550502069	0.00670601464489246
Sym_79288_c0_g1	138.420727796353	-0.400678422243866	0.157975741020005	-2.53632880375681	0.0112021499734616	0.0379806227671651
Sym_79448_c0_g1	52.6807511637721	-0.583676859776267	0.0998720938356473	-5.84424374577331	5.08874717654796e-09	1.81159399485107e-07
Sym_80796_c0_g1	42.7543109746206	-0.141787748575577	0.178534335330034	-0.794176360045656	0.427092768711362	0.579643568866253
Sym_82427_c0_g1	51.6571669356852	-0.236608282268223	0.146657375730399	-1.61334048894466	0.106670554608638	0.214187613447278
Sym_82979_c0_g1	50.3710338353809	-0.176695772083403	0.208047186647016	-0.849306231586754	0.395710914231962	0.554618446718814
Sym_83072_c0_g2	54.8726300964541	0.0140902789873065	0.103994522398861	0.135490587987554	0.892224005336939	0.934211017352795
Sym_84180_c0_g1	38.6816450752137	-0.413419017355174	0.113346078028509	-3.64740469671294	0.000264902518167517	0.00192459788709462
Sym_84255_c0_g2	121.926414294018	0.22130727867556	0.100345886713319	2.20544444744227	0.0274229219808472	0.0762700017592313
Sym_84416_c0_g1	142.611073206104	-0.38792242426256	0.130579292440753	-2.97078056567484	0.00297043940049007	0.0128960539826154
Sym_84654_c0_g1	63.778789039443	-0.228617797969149	0.161692195303586	-1.41390744024414	0.15738908109951	0.278758770504605
Sym_85001_c0_g1	62.1116347104094	-0.178216991315285	0.156874805084841	-1.13604597767565	0.255937322396951	0.389374729800489
Sym_85763_c0_g2	59.1125190690819	0.173186615504493	0.141765576362165	1.22164082387714	0.221843483455338	0.352273556609828
Sym_86661_c0_g1	40.7274054874922	0.275036010636744	0.140991284722533	1.95073058010648	0.0510891036347604	0.124102556397469
Sym_87251_c0_g1	52.5846738656017	-0.300253314366384	0.181748807761233	-1.65202357069012	0.0985297459239913	0.203933660168261
Sym_89597_c0_g2	55.7798281846763	0.696588748144232	0.101854374005289	6.83906562626423	7.97113659615406e-12	5.67544925646169e-10
Sym_89625_c0_g1	45.4460596261842	0.0535778257208866	0.135307134892146	0.395971917989349	0.692125744823962	0.798383271363373
Sym_89763_c0_g1	68.7266259167857	0.477486454090908	0.165408783385042	2.8867055564964	0.00389298358880327	0.0161151413676042
Sym_91477_c0_g1	55.5483634480144	-0.0408844718349789	0.133139772724077	-0.30707932722485	0.758782992496469	0.838902935803549
Sym_92614_c0_g2	74.3925721468232	-0.205146941541925	0.0877559816467013	-2.33769753004223	0.0194029443998657	0.0595469672961395
Sym_92829_c0_g1	41.1027530616415	-0.0405489870518137	0.106126047959657	-0.382083266374228	0.702399603421838	0.804032986553615
Sym_92876_c0_g1	304.239655096268	-0.228443470795766	0.145590799229116	-1.56907903525048	0.116629524116314	0.226885850193486
Sym_93418_c0_g1	63.0337886078413	0.576127956109508	0.164036253229291	3.51219894851044	0.00044441518340111	0.00263686342151325
Sym_94487_c0_g1	61.0491169289555	0.540183033680788	0.110084887186291	4.90696813602272	9.24950527901401e-07	2.05801492458062e-05
Sym_94893_c0_g4	51.1325461369921	0.185943891217232	0.144923472899149	1.28304882223344	0.19947497196957	0.328764305653551
Sym_94907_c0_g2	53.5389854586493	-0.223656904962283	0.087798984382642	-2.54737462551447	0.010853684604406	0.0371529972996974
Sym_94934_c0_g1	117.47029350253	-0.184942833544271	0.0809426805964927	-2.28486173402421	0.0223209364256649	0.0665491436353117
Sym_96651_c0_g1	44.597274647581	0.340610459703124	0.201017019732121	1.69443592466462	0.0901824778462206	0.189970190019258
Sym_96774_c0_g1	87.488488472676	-0.297098441729863	0.121519512650449	-2.44486202462371	0.0144907566638196	0.0468973579301798
Sym_97621_c0_g2	38.6517985916716	0.18189265508362	0.123016682901954	1.47860152617342	0.139246844597343	0.259500993256876
Sym_98005_c1_g1	41.6300888982147	-0.586171210191156	0.155470696051399	-3.77030028859821	0.000163051238016964	0.00134991257521021
Sym_98005_c2_g1	60.1696175862331	0.0350660379780914	0.126607372748103	0.276966792825395	0.781805604519694	0.85977784221528
Sym_98024_c0_g2	48.9793559701759	0.126494928203812	0.103724709628847	1.21952549837394	0.22264480403711	0.352273556609828
Sym_98887_c0_g1	146.799660612005	-0.216916612339726	0.0998667367589068	-2.17206068186042	0.0298510861375052	0.0799021553755779
Sym_99526_c0_g1	240.178304193867	-0.679889513427288	0.101426124521578	-6.70329776114678	2.03767645920224e-11	1.01169107287887e-09
