baseMean	log2FoldChange	lfcSE	stat	pvalue	padj
Sym_100100_c0_g2	93.2329504982186	-0.339495122125482	0.189744073971226	-1.78922648291491	0.0735783482878656	0.545706083135004
Sym_100230_c0_g1	67.8357565532614	-0.176602393692984	0.192486119909312	-0.917481186571729	0.358890546995137	0.802427556119471
Sym_100246_c0_g3	80.4971597622086	-0.254486411031938	0.261137272373894	-0.9745311679122	0.329792871385649	0.798034434100505
Sym_100437_c0_g1	99.6229742577636	0.0269240222293009	0.173660426201408	0.155038328640717	0.876791100731174	0.991484269498124
Sym_100629_c0_g1	163.935505774579	-0.35650416358761	0.177724087016084	-2.00594173571614	0.0448624646921284	0.499094919699929
Sym_100793_c2_g1	111.49258317171	-0.397381280683691	0.181199796937664	-2.19305588306149	0.0283033530476847	0.438086681955468
Sym_100802_c0_g1	129.942710782282	0.257164997666946	0.15511119613522	1.65793962057232	0.097329654045909	0.63394141719485
Sym_101037_c0_g1	139.6079037188	0.00900485960062541	0.168252907017186	0.0535197861378147	0.957317766182476	0.998712504093798
Sym_101057_c0_g1	182.900073397834	-0.131277973086445	0.170759445871774	-0.768788938241364	0.442018616700119	0.828524256287333
Sym_101138_c0_g1	94.8584293652267	-0.195130968891823	0.203026084037792	-0.961112803887313	0.336495452495275	0.798034434100505
Sym_101210_c1_g3	60.3748020175554	-0.414062948002966	0.223490214311877	-1.85271175866854	0.0639236837224524	0.541829319171263
Sym_101261_c1_g1	77.9634910322496	-0.262419579625911	0.188911393487811	-1.3891146255445	0.164797897048068	0.752154504475796
Sym_101299_c0_g1	53.9562309420764	-0.0764562923215458	0.23485033973914	-0.325553254070101	0.744762384733014	0.935095013311512
Sym_101312_c0_g2	33.0047376151922	0.265046334948943	0.304273482333704	0.871079309692392	0.383710850435264	0.822897968403338
Sym_101326_c0_g1	177.377643802594	0.15969123224747	0.145669238319955	1.09625912848337	0.272965390206261	0.790046170027878
Sym_101441_c0_g1	121.549910983317	0.0230899243372465	0.181534130023321	0.127193296017009	0.898787411290071	0.996786038689299
Sym_101501_c0_g1	143.769621595104	-0.168753636643219	0.143831595368587	-1.17327236905609	0.240686598999208	0.770088611349209
Sym_101501_c0_g2	76.0384064816429	-0.463327641375346	0.230046136906218	-2.01406399432053	0.0440028151534808	0.499094919699929
Sym_101543_c0_g2	265.168668159089	-0.145131298360991	0.117126856787088	-1.23909496371792	0.215310331907781	0.770088611349209
Sym_101543_c0_g3	232.021026486151	-0.0372165010272322	0.145945912279055	-0.25500201030689	0.798721546549972	0.955529604869021
Sym_101592_c0_g2	200.009298193438	-0.0642385508633206	0.143754282435738	-0.446863563122281	0.654973573701112	0.908861010957463
Sym_101592_c0_g3	114.634548431731	-0.585919671247119	0.201538598583624	-2.90723303310063	0.00364641444036433	0.162265442596213
Sym_101757_c0_g1	135.173528780022	-0.237888385443529	0.156157498158759	-1.52338753020798	0.12766177990781	0.672387138019727
Sym_101806_c0_g1	98.6780978468885	-0.0126699743000659	0.198849488630377	-0.0637164037349721	0.949196042995775	0.998712504093798
Sym_101851_c0_g1	310.535174587048	0.446416152094803	0.139521659622809	3.19961899322062	0.00137609369125736	0.162265442596213
Sym_101880_c0_g1	136.772060108773	-0.0608952249517569	0.159963271918905	-0.380682541818902	0.703438824802158	0.927357722208948
Sym_101976_c0_g1	121.801089413177	-0.141221181005374	0.18015344092948	-0.783893886659953	0.433102377208525	0.828524256287333
Sym_102324_c0_g5	59.4962403015031	-0.171814332659258	0.222768159860783	-0.771269703743265	0.44054708600525	0.828524256287333
Sym_102382_c3_g3	586.552700350433	-0.0140372387733415	0.0902070581654803	-0.155611313114666	0.876339407004509	0.991484269498124
Sym_102395_c0_g1	159.745404305108	0.0739975739346148	0.160708516674674	0.460445877205189	0.645196211330053	0.908654730111898
Sym_102471_c7_g1	197.904306614218	0.622864029041398	0.185742928418284	3.35336604384065	0.000798350478990797	0.142106385260362
Sym_102539_c1_g2	59.7282996185038	-0.00256496091947213	0.218722533488827	-0.0117270080890095	0.990643415759011	0.998712504093798
Sym_102539_c1_g5	232.502677908044	-0.11727365025896	0.141328293283999	-0.82979598446929	0.406654141551574	0.827507925069398
Sym_102539_c1_g9	70.1195224480398	-0.0590065184714369	0.222276922998747	-0.265463988233136	0.790652048153651	0.95414281065322
Sym_102636_c0_g1	272.764086491909	-0.156885191549995	0.101600739489273	-1.5441343472363	0.122555789542962	0.672387138019727
Sym_102664_c0_g1	116.673973737922	-0.106972044895071	0.208809546578308	-0.51229479996478	0.608444704040624	0.901639625761912
Sym_102695_c0_g1	84.2386617212152	-0.173008811055614	0.207721316587534	-0.832889054902115	0.404907303026851	0.827507925069398
Sym_102774_c0_g1	262.926611364385	-0.136520298517662	0.143250675124892	-0.953016789614695	0.340581563980646	0.798034434100505
Sym_102797_c0_g2	70.8901840916926	-0.162883594278699	0.186138788249883	-0.875065298373139	0.381538377222438	0.822897968403338
Sym_102806_c2_g3	63.313994813787	-0.612856145742982	0.2041906383204	-3.00139198733164	0.00268748363954953	0.162265442596213
Sym_102806_c2_g4	124.219443314987	-0.166083263269018	0.200175619843282	-0.829687768165998	0.406715338962836	0.827507925069398
Sym_102873_c0_g2	48.4830120547612	0.0586899574120696	0.25103368390795	0.233793156752582	0.815145562489472	0.964092426067282
Sym_102902_c2_g1	96.6838810009363	-0.111534185713503	0.214315976726178	-0.520419370581997	0.602771311955169	0.901639625761912
Sym_103005_c0_g1	193.308695119787	-0.0322528892394585	0.152381990586303	-0.211658143559896	0.832373744808451	0.977970472448213
Sym_103012_c3_g1	47.2661350433395	0.62871474478081	0.251402040380046	2.50083389868427	0.0123901274527137	0.347721309652196
Sym_103171_c0_g1	168.869127111031	0.29667380695505	0.157341854757437	1.8855364798668	0.0593574440974275	0.531940121656983
Sym_103259_c1_g1	53.177275508399	-0.536614799015527	0.247324398575638	-2.16967999156547	0.0300310968349211	0.445461269717996
Sym_103259_c1_g2	45.4687641105519	0.101149850235701	0.297456169306052	0.340049596119248	0.733819178678905	0.935095013311512
Sym_103259_c1_g4	184.214780546685	-0.0544068572879362	0.151653590862523	-0.358757461518053	0.719776537809061	0.935095013311512
Sym_103259_c2_g1	65.1618445036304	0.292084253190969	0.191103790119645	1.52840638591262	0.12641167029384	0.672387138019727
Sym_103301_c0_g1	242.007899298089	-0.293558326933318	0.161187523008727	-1.82122239645945	0.0685730573229575	0.545706083135004
Sym_103490_c0_g1	86.1327030015036	-0.134061461753159	0.229365414362592	-0.584488564353596	0.558891656847493	0.870626527148737
Sym_103496_c0_g1	109.876429071691	-0.0407748074748264	0.180482480956072	-0.225921137934438	0.821262757121191	0.968111064685907
Sym_103660_c1_g1	113.512875576311	-0.347403319735074	0.183545190284072	-1.89273997971508	0.058392456882241	0.531940121656983
Sym_103755_c0_g1	147.431343721878	-0.151867360102845	0.153664810670164	-0.98830278344482	0.323004382649765	0.798034434100505
Sym_103763_c6_g1	100.582581929464	-0.218655240106471	0.183947291894382	-1.18868420325545	0.234563959059197	0.770088611349209
Sym_103763_c6_g2	73.9752352163565	-0.229153356541662	0.251033170642666	-0.912840944306324	0.361326200720758	0.802427556119471
Sym_103894_c0_g1	70.7994010278732	0.00432706836858874	0.215655912810414	0.0200646868996016	0.983991770242637	0.998712504093798
Sym_103894_c0_g2	51.1413442280298	0.145649818777226	0.223012581051493	0.653101354598445	0.51369093904685	0.851796302800898
Sym_103894_c0_g4	40.7120237859022	0.19496867627416	0.267578262573993	0.728641685608692	0.466220872339516	0.836425044088873
Sym_104048_c2_g7	60.3798140691855	0.12325970379935	0.266230623477861	0.462980938064776	0.643378030520966	0.908654730111898
Sym_104174_c0_g1	75.6166035544975	-0.0173972312993698	0.205269176115192	-0.0847532573015584	0.932457555037687	0.998712504093798
Sym_104246_c3_g2	51.0335681674759	-0.177944240367035	0.252868605651386	-0.703702382937782	0.481618136046298	0.844611115430946
Sym_104246_c5_g1	86.7450183138005	0.273134635502628	0.202479113338206	1.34895215116042	0.177352335625688	0.769968676618841
Sym_104246_c5_g4	52.1071244415124	0.0239989308547108	0.223643676511734	0.107308783458725	0.914544016588354	0.998712504093798
Sym_104264_c2_g1	41.0144510681949	0.47884936596862	0.288807978477804	1.65801986666868	0.0973134565225743	0.63394141719485
Sym_104397_c2_g9	137.857904220781	0.165506023506865	0.182759184062808	0.905596204949057	0.365149618234141	0.802427556119471
Sym_104594_c0_g1	92.4371174197166	-0.114730778540493	0.180978459809293	-0.6339471485247	0.526115314306776	0.857824335806153
Sym_104762_c1_g5	39.6200802769532	0.319623213231795	0.271756754289973	1.17613714539271	0.239540076527296	0.770088611349209
Sym_104781_c1_g2	81.3001414535714	0.0775673769233701	0.279411031208689	0.277610288283271	0.781311533568581	0.952557897090462
Sym_104866_c10_g1	93.1879377356565	0.0443899531146989	0.219873616191729	0.201888493415194	0.840003897782585	0.98368877503487
Sym_105077_c3_g2	75.9128525485591	0.0949774735371374	0.240663949608714	0.394647697303885	0.693102907425069	0.927257419249535
Sym_105147_c1_g1	49.917149190829	0.170120668866961	0.28210207862308	0.603046491884454	0.546477761026612	0.860826362297056
Sym_105147_c1_g2	34.7146896777423	0.119268195822069	0.360863480406234	0.330507802251992	0.741016298213577	0.935095013311512
Sym_105388_c1_g2	42.8268076372011	-0.00349905973590839	0.276413101785038	-0.0126588056546956	0.989900004156881	0.998712504093798
Sym_105558_c0_g1	57.0476533392345	-0.328062567553804	0.223889579312468	-1.46528734638404	0.142842537341513	0.706276990188594
Sym_105819_c0_g1	69.2621068754184	-0.0980116359082603	0.201244897081078	-0.48702668902344	0.626239417559504	0.90259608360803
Sym_105943_c4_g1	59.1766380331378	-0.0338774092664243	0.236131200390411	-0.143468585305172	0.885920119853775	0.996786038689299
Sym_106497_c4_g4	86.8595192610866	0.27763334017985	0.235305402953065	1.17988510546538	0.238045914579221	0.770088611349209
Sym_106752_c2_g1	142.126260336363	0.189568487165088	0.142228665353544	1.33284304323513	0.182583317055264	0.770088611349209
Sym_106752_c4_g4	73.7294782359976	0.442560056730739	0.195627412346925	2.26225993290707	0.0236813483632241	0.389570650841188
Sym_106900_c1_g4	41.4020867770919	-0.30942369656072	0.25605528695703	-1.20842533750395	0.226883698616151	0.770088611349209
Sym_106992_c0_g1	114.365444572509	0.205060673229178	0.161286378474685	1.27140726432371	0.203583799639621	0.770088611349209
Sym_107127_c2_g8	55.8703779246841	0.142734923192643	0.28381635928473	0.502912952418815	0.615025474222745	0.901639625761912
Sym_107242_c3_g1	60.7031058589942	0.242507882137859	0.231295686269234	1.04847559437651	0.294419540948548	0.798034434100505
Sym_107300_c1_g1	41.2676388379361	0.338949628062364	0.24877704074147	1.3624634614679	0.173051667759985	0.769968676618841
Sym_107369_c2_g3	136.657756772162	-0.0798817153432736	0.163283490395942	-0.489221017688749	0.624685231150712	0.90259608360803
Sym_107499_c4_g1	67.4262758286162	-0.156744042487883	0.239560453637495	-0.654298487533629	0.512919520123916	0.851796302800898
Sym_107578_c2_g1	57.787679025716	0.387068103152154	0.258367635662035	1.49812921483118	0.134099682020788	0.672387138019727
Sym_107578_c2_g2	189.365189536071	-0.0723210767306524	0.145908318714637	-0.495661092991522	0.62013354168657	0.901639625761912
Sym_107647_c1_g2	62.0383348200576	0.190865284911754	0.205048762868928	0.930828756249359	0.351942152117357	0.798034434100505
Sym_107783_c2_g1	53.9858241169658	0.18555363238268	0.258122746008884	0.718858121772399	0.472228341798281	0.836425044088873
Sym_107887_c2_g1	61.2826771859433	0.200621436607497	0.257557475327163	0.778938512084177	0.436015936246737	0.828524256287333
Sym_108316_c1_g1	146.443418572611	-0.12601029035539	0.174485379293075	-0.722182516758247	0.470182270818092	0.836425044088873
Sym_108329_c1_g2	49.7144341890771	-0.0176437327025287	0.220941503395732	-0.0798570319806629	0.936350964150325	0.998712504093798
Sym_108395_c0_g2	167.721487529517	-0.112416578451287	0.146280429183482	-0.768500469124826	0.442189912063464	0.828524256287333
Sym_108429_c4_g2	255.463536947024	0.00663499022826735	0.162621964963777	0.0408000864443205	0.967455270445083	0.998712504093798
Sym_108429_c4_g6	36.6687316701443	-0.553230670298535	0.296880785655002	-1.86347752037221	0.0623951123861529	0.541772195352938
Sym_108771_c2_g1	116.873057211098	-0.529821146970915	0.170828359791491	-3.10148237457528	0.00192554335062449	0.162265442596213
Sym_109060_c7_g1	61.2226061686526	-0.00732811966580208	0.221093793387957	-0.0331448456942584	0.973559080686672	0.998712504093798
Sym_109253_c1_g1	76.5620919579518	-0.14099089396764	0.212525419065272	-0.663407203654722	0.507069793521517	0.851796302800898
Sym_109253_c1_g2	140.534231732315	0.00456945240371803	0.15635506872793	0.0292248434342044	0.97668526749824	0.998712504093798
Sym_109253_c1_g3	38.8533977882545	-0.316618465918269	0.253532319145374	-1.24882881592986	0.211727691955466	0.770088611349209
Sym_109358_c2_g1	50.7822678973861	-0.23695305548266	0.243345453581625	-0.973731179256157	0.330190031862152	0.798034434100505
Sym_109489_c3_g1	112.081581312002	-0.407488751646748	0.196730037968899	-2.0713092715977	0.038329903391396	0.499094919699929
Sym_109725_c2_g2	50.1390678357272	-0.201558136793625	0.275554642139108	-0.731463404967324	0.464496149208612	0.836425044088873
Sym_109973_c6_g1	53.2899908744277	-0.0878569203502167	0.248913819618677	-0.352961199522023	0.72411752905428	0.935095013311512
Sym_110125_c3_g1	78.378399720645	-0.11911843815568	0.178985972057102	-0.665518290548923	0.505719048776792	0.851796302800898
Sym_110573_c2_g1	108.359389900697	-0.287629211627247	0.175850207520283	-1.63564897467676	0.101913074221659	0.63650972671773
Sym_110573_c2_g2	35.597258099939	-0.0939937338163463	0.316050099013948	-0.297401374369442	0.766160094532609	0.947059005741697
Sym_110573_c3_g1	78.6294640174145	0.153236734844756	0.212674772141243	0.72052144832198	0.4712039987884	0.836425044088873
Sym_110573_c3_g4	63.0849302615283	-0.519255624411283	0.289322794585991	-1.7947276679472	0.072697100076424	0.545706083135004
Sym_110707_c7_g1	472.238103561732	-0.335623108781944	0.267692414891508	-1.25376398475081	0.20992780337735	0.770088611349209
Sym_110716_c0_g1	116.01672218978	-0.273581552374903	0.21224450783491	-1.28899237565998	0.197400737212747	0.770088611349209
Sym_110740_c0_g1	97.657249982795	0.0247506487078424	0.188666782587846	0.131187103359427	0.895627297814087	0.996786038689299
Sym_111127_c1_g1	79.5978627509534	-0.148680350078197	0.189647987771456	-0.783980636047515	0.433051472613687	0.828524256287333
Sym_111127_c1_g2	121.118581050084	-0.0301989904942815	0.190017430664335	-0.158927475172674	0.873726013743528	0.991484269498124
Sym_111423_c4_g1	58.4338743386839	0.553745214529636	0.23156874837301	2.39127783183275	0.0167898420757408	0.347721309652196
Sym_111553_c2_g1	48.6952195618955	-0.430421218375445	0.272668810275868	-1.57854951558256	0.114439422140186	0.66787597183453
Sym_111600_c1_g1	40.6457527913602	0.279944882327383	0.246061791321573	1.13770155384071	0.25524512438139	0.776643284442519
Sym_111787_c1_g1	920.352379670972	-0.149443605374728	0.123159261100896	-1.21341752166164	0.224970230624239	0.770088611349209
Sym_112013_c3_g1	228.134988194219	0.0160506086339675	0.123077424671658	0.130410663667905	0.89624153025281	0.996786038689299
Sym_112123_c0_g2	39.7530351511505	0.181262086534101	0.300146952048812	0.60391113518495	0.545902725202953	0.860826362297056
Sym_112389_c0_g1	42.6802998490312	-0.253444283095651	0.242907990661505	-1.04337565184847	0.296774345698475	0.798034434100505
Sym_112403_c2_g7	32.8753387748961	0.59438429227767	0.310466290333736	1.91448898248739	0.0555577055558815	0.531940121656983
Sym_112513_c2_g1	69.3196067802546	0.175040299852199	0.20616853245954	0.849015597889798	0.395872613011315	0.827507925069398
Sym_112519_c1_g6	39.5649448473816	0.294019924481068	0.251445401715826	1.16931915427651	0.242275068739077	0.770088611349209
Sym_113175_c1_g1	106.126480914002	0.316885181649972	0.157732277280808	2.00900657184975	0.0445364367866365	0.499094919699929
Sym_113215_c4_g5	79.1093881125158	0.112920623027347	0.207561817667031	0.544033697028485	0.586418284703119	0.891899419479813
Sym_113244_c2_g3	49.1431226222698	0.532652176215332	0.307555893506334	1.73188739823112	0.0832936128899947	0.593050523776762
Sym_113270_c1_g1	268.494923629562	-0.168591114477987	0.151142731674078	-1.11544308224847	0.26466059636041	0.789841687863167
Sym_113516_c10_g2	44.4855037514163	0.314396986038088	0.263637921096333	1.19253324685111	0.233052222487138	0.770088611349209
Sym_113535_c0_g1	39.5397871095207	-0.0851487096595701	0.265644299834996	-0.320536558520021	0.748561621373289	0.935095013311512
Sym_113535_c0_g2	45.6221100289398	-0.0746364433212577	0.261250869292901	-0.28568878458957	0.775116495453402	0.948252482410347
Sym_113653_c1_g2	45.331448996082	0.358094704621583	0.278481083387467	1.28588520364001	0.198483128325844	0.770088611349209
Sym_113764_c0_g1	305.41443216908	0.818771887534988	0.145099076902459	5.64284697748556	1.67260996935052e-08	5.95449149088786e-06
Sym_113783_c0_g1	288.127506841961	0.0663509598829442	0.121182700314644	0.547528316423614	0.58401582207491	0.891899419479813
Sym_114475_c0_g3	217.255890999722	-0.159641819928354	0.149276459925702	-1.06943733799563	0.284872650301387	0.798034434100505
Sym_114698_c0_g1	298.626936021455	0.0101746401836502	0.128669668778866	0.0790756693493667	0.936972435946922	0.998712504093798
Sym_114890_c0_g1	97.1823231032446	-0.335889695685405	0.222541055828533	-1.50933810588284	0.131212401403298	0.672387138019727
Sym_114907_c1_g1	136.165215947352	-0.0732047448782918	0.190419179487725	-0.384439976452114	0.70065237578125	0.927257419249535
Sym_114907_c2_g1	124.330177177454	-0.0597161853387891	0.153766491245291	-0.388356298275214	0.697752380104239	0.927257419249535
Sym_114907_c3_g1	130.134358221509	-0.166463728214141	0.177214873175098	-0.939332716445678	0.34755994617453	0.798034434100505
Sym_114907_c3_g2	191.03758037395	-0.223461134123413	0.195668696979106	-1.14203823898963	0.253438125383172	0.776643284442519
Sym_114970_c0_g2	72.6864419635052	0.025532704138724	0.18508704170627	0.137949712218341	0.890280161283906	0.996786038689299
Sym_115069_c1_g1	41.5464029314964	-0.0347291282209639	0.261327014197955	-0.132895285730608	0.894276195276385	0.996786038689299
Sym_115147_c3_g1	67.7716355076396	0.215436646197777	0.217797044750513	0.989162394028624	0.322583694400921	0.798034434100505
Sym_115306_c0_g1	53.4207002104127	0.080451299632949	0.230957675838766	0.34833784736002	0.727586473454539	0.935095013311512
Sym_116433_c1_g2	76.9875475598863	-0.459102055122406	0.186962056582938	-2.45558945763278	0.0140653740125639	0.347721309652196
Sym_116556_c1_g3	38.695738717137	0.585156200267341	0.287458275527544	2.03562134084838	0.0417883931534171	0.499094919699929
Sym_117295_c0_g5	107.014957421138	-0.210388881510959	0.183282193123013	-1.14789591899827	0.251011533130022	0.776643284442519
Sym_117295_c0_g7	77.036224345626	0.123602744326169	0.185091510181376	0.667792618932372	0.504265978757777	0.851796302800898
Sym_117309_c3_g2	54.0050166923125	0.302287127093245	0.251766177590272	1.20066614978439	0.229880729843037	0.770088611349209
Sym_117444_c0_g1	275.770126488018	-0.10719331074636	0.136513917837545	-0.785218917194383	0.43232522592902	0.828524256287333
Sym_117760_c6_g1	43.670348211768	-0.0790567988831849	0.261818675826381	-0.301952481554867	0.762688287309088	0.946052370320681
Sym_117960_c0_g2	49.4965045173528	0.32100200686662	0.240532091257072	1.33454960287833	0.182023801953387	0.770088611349209
Sym_117960_c0_g3	92.5353195141153	-0.28717023239869	0.190603314167921	-1.50663819069638	0.13190342263248	0.672387138019727
Sym_118341_c1_g2	333.476202634697	-0.0786250328487053	0.171048935522205	-0.459663970481117	0.645757434601995	0.908654730111898
Sym_118541_c1_g1	120.351824794728	-0.211352428452436	0.207161583001427	-1.020229838903	0.307619469227243	0.798034434100505
Sym_118811_c2_g1	71.0605517993006	0.196987687053451	0.193324152826683	1.01895021482418	0.308226602522635	0.798034434100505
Sym_118868_c0_g1	55.1541702237404	-0.192412753715075	0.244350243189672	-0.787446540684302	0.431020511346997	0.828524256287333
Sym_118905_c5_g3	52.3422831974631	-0.0353553106874075	0.228989162129604	-0.154397310154779	0.877296474415475	0.991484269498124
Sym_119017_c0_g5	118.881054181901	0.0016615291855031	0.1869594414693	0.00888711034032445	0.992909205208785	0.998712504093798
Sym_119054_c0_g1	123.350005358017	-0.0181650685634956	0.184672735648889	-0.0983635646034514	0.921643605571454	0.998712504093798
Sym_119250_c0_g3	221.170967861663	-0.210548336553555	0.161991260213236	-1.29975121050605	0.193686252371602	0.770088611349209
Sym_119275_c3_g2	197.608501879919	0.11922819463968	0.127621352072271	0.934233909167185	0.350183247762588	0.798034434100505
Sym_119480_c3_g1	49.8628586971661	0.211629350233727	0.255631417292476	0.827869095572062	0.407744638644867	0.827507925069398
Sym_119843_c6_g1	40.6559090912376	-0.0618908427676385	0.24706614345089	-0.250503132089163	0.802198282845177	0.955529604869021
Sym_119993_c5_g1	46.8682974243926	0.589108013574588	0.289379256142438	2.03576448923007	0.0417740098571137	0.499094919699929
Sym_120482_c0_g1	789.569721976923	-0.101518465117149	0.126790075299844	-0.800681479816694	0.42331606691486	0.828524256287333
Sym_120595_c3_g2	118.289482818117	-0.0589779298293203	0.176167817564016	-0.334782655792901	0.73778904496392	0.935095013311512
Sym_120676_c2_g1	61.2962872784199	-0.00258341450330926	0.221546206670193	-0.0116608383512297	0.990696207961435	0.998712504093798
Sym_120913_c7_g2	107.964274861697	0.257190765362627	0.329738683651842	0.7799835994802	0.435400528744148	0.828524256287333
Sym_120986_c2_g1	51.0921551796066	0.128249027942598	0.259022445032798	0.495127084165849	0.62051041660581	0.901639625761912
Sym_121225_c2_g1	75.1088518400863	-0.308234739130262	0.193189660442118	-1.59550329155743	0.110599734527907	0.667347550710764
Sym_121495_c10_g2	61.2252081817335	0.469282675492011	0.256778463365042	1.82757801936399	0.0676129071486312	0.545706083135004
Sym_121495_c10_g3	78.8511236780886	0.401009673354799	0.221230651976581	1.81263161217483	0.0698886587079771	0.545706083135004
Sym_122621_c3_g1	45.8444629303247	0.196545229009971	0.226951404982767	0.866023407191048	0.38647732565908	0.823867831943907
Sym_122968_c2_g6	51.0744842677102	-0.0075918116397264	0.239149141044993	-0.0317450926503562	0.974675334256927	0.998712504093798
Sym_123848_c1_g2	95.4733908886368	0.735967184115746	0.300359430470365	2.45028825285497	0.0142741891599595	0.347721309652196
Sym_123931_c0_g2	43.4309879539772	0.617874382938444	0.270728846507169	2.28226282832437	0.0224738277297685	0.389570650841188
Sym_123942_c3_g1	132.495962568442	-0.0937947802784207	0.158938025283949	-0.590134299899929	0.55510061487599	0.870554268263667
Sym_124087_c4_g1	143.074215871952	-0.152359865263658	0.167826924790522	-0.907839224569182	0.363963171259046	0.802427556119471
Sym_124628_c1_g1	39.2954437930849	0.409345825286231	0.29198859805172	1.40192400668235	0.160937940803159	0.744076713323695
Sym_125225_c1_g2	275.527127471021	0.263880741395039	0.160149931423183	1.64771061123814	0.0994120695118635	0.63394141719485
Sym_125225_c1_g3	71.4648891679688	0.134685268652426	0.207365846378928	0.649505552646841	0.516011658584777	0.851796302800898
Sym_125797_c5_g1	313.73912959135	-0.104719513639214	0.123273184669881	-0.849491427674617	0.395607898196604	0.827507925069398
Sym_126375_c0_g3	210.022607165114	0.0510126651607248	0.125446166250434	0.40664985376186	0.684265175921474	0.922721222075928
Sym_126811_c0_g5	205.573793660465	-0.0737926682176381	0.177653029787555	-0.415375230616007	0.677867236227299	0.91954440783201
Sym_127086_c1_g3	300.587405213104	-0.167027676022547	0.158577574063637	-1.05328686612092	0.292209536534008	0.798034434100505
Sym_127107_c0_g1	66.2053809483281	0.401055169794339	0.24835807951571	1.61482634499503	0.10634830626346	0.652758569479167
Sym_127689_c0_g1	117.717246261137	-0.0122973434692503	0.15993216737056	-0.0768909949226006	0.938710261350106	0.998712504093798
Sym_128149_c1_g1	151.294106749759	0.0103827431515031	0.168584731210446	0.0615876839910385	0.950891185074901	0.998712504093798
Sym_128217_c1_g1	35.1438492631151	0.0492522067183283	0.27049891301842	0.182079129889052	0.855520626886827	0.988848516791268
Sym_128685_c8_g1	104.611947006534	0.159509029782433	0.16353115279315	0.97540454560481	0.329359629766272	0.798034434100505
Sym_128696_c2_g1	113.926770340123	0.0522449970824873	0.164665228174826	0.317280081906657	0.751031089538028	0.935095013311512
Sym_129674_c4_g3	61.4436670794098	-0.217946284757891	0.230814987997845	-0.944246674136801	0.34504360914908	0.798034434100505
Sym_130165_c13_g1	58.8755020258245	0.107134824827413	0.230369419616879	0.465056625161387	0.641890906568502	0.908654730111898
Sym_130366_c3_g5	88.7855101100078	0.29566332975068	0.203166817013032	1.45527372086414	0.145593498816134	0.710017610664982
Sym_130444_c3_g1	357.523098281379	-0.137458655745315	0.116085528992603	-1.18411534097479	0.236367408184681	0.770088611349209
Sym_130891_c0_g1	284.425825462406	0.0958851488010645	0.129556965521257	0.740100298083412	0.459239137860735	0.836425044088873
Sym_131189_c6_g1	162.334678381994	-0.404795330254802	0.20550459097089	-1.96976295440593	0.0488655441258241	0.5116509914351
Sym_131859_c1_g2	39.828679739641	-0.0573224314870468	0.326131791970216	-0.175764623070792	0.860478863599765	0.989982865118381
Sym_132105_c3_g7	37.8096324930472	0.0912920517639386	0.283732417971757	0.321754040009013	0.747639034917005	0.935095013311512
Sym_132395_c3_g1	37.5384741252254	-0.129510276873983	0.274915649379972	-0.471090958867101	0.637575781241534	0.908654730111898
Sym_132541_c0_g1	41.230479121171	-0.279380617988155	0.273194544532338	-1.02264347359647	0.306476446784659	0.798034434100505
Sym_133183_c1_g1	48.7072222022536	-0.0965825526095861	0.260245044528026	-0.37112158191041	0.710546977037503	0.928082051516404
Sym_133411_c1_g2	71.635442062109	-0.000583624484558383	0.288897776419091	-0.00202017645062018	0.998388133496321	0.998712504093798
Sym_133813_c2_g1	356.543887214724	-0.0246315934062446	0.130214105120531	-0.189162252303195	0.84996565180206	0.985627921959392
Sym_134154_c0_g2	46.604226705369	0.504354948130792	0.267918047581618	1.88249710194363	0.0597685529951666	0.531940121656983
Sym_134172_c0_g1	95.9351122348493	-0.0194145663294099	0.184727739653601	-0.105098272548648	0.9162978300205	0.998712504093798
Sym_134569_c0_g2	38.1904222865862	0.369687619304097	0.25789326138798	1.43349080667886	0.151717624310234	0.729884787222206
Sym_134584_c0_g1	142.504466406339	0.191221625257974	0.175345285095453	1.09054329663828	0.275473891922362	0.790876657454522
Sym_135168_c1_g2	35.6419263898619	-0.376113470163065	0.273512792023255	-1.37512204595932	0.169093610636093	0.761991460587965
Sym_135168_c1_g4	54.1976457655158	0.439444480330771	0.227840710524171	1.92873555968019	0.0537636993218256	0.531940121656983
Sym_135260_c3_g1	77.8421470660033	0.155613587818435	0.213518275981524	0.728806876615568	0.466119804544476	0.836425044088873
Sym_135943_c0_g1	77.0271610232709	-0.0985366956879357	0.196114861111249	-0.502443798137457	0.615355376848843	0.901639625761912
Sym_136070_c2_g1	153.17136805511	0.077568254407381	0.15334167014923	0.505852416579868	0.612960258392337	0.901639625761912
Sym_136210_c0_g3	38.486649413397	0.0278321420752996	0.305387636593877	0.0911370950891262	0.92738365765903	0.998712504093798
Sym_136536_c0_g1	50.7637267326534	-0.172667594454393	0.247030508233994	-0.698972753158236	0.484569058773443	0.845620514330125
Sym_136781_c0_g5	237.679917421691	0.000237769920735507	0.13625421739357	0.00174504632064862	0.998607655189527	0.998712504093798
Sym_136909_c0_g1	1166.26111372637	-0.0846703823520485	0.0717089634171454	-1.18075033185885	0.237701920343582	0.770088611349209
Sym_136948_c0_g1	208.643471468772	-0.000649744354487425	0.124259729055527	-0.00522892138447426	0.995827943369482	0.998712504093798
Sym_137859_c0_g1	44.6158573226038	-0.624307341503553	0.262941785545022	-2.37431772287352	0.0175814145329762	0.347721309652196
Sym_138988_c3_g1	80.1818909284667	-0.154995885356572	0.218921134949027	-0.707998729280575	0.478946046597544	0.844083131627355
Sym_139720_c2_g1	94.6308717230989	-0.259475439830832	0.209664115340663	-1.23757677564058	0.215873030252029	0.770088611349209
Sym_139797_c4_g1	57.715336372875	0.203572170194394	0.247841459349721	0.821380614561102	0.411429502071021	0.827507925069398
Sym_139907_c0_g1	110.06492345396	0.072317958095137	0.180310949939005	0.401073579389385	0.688365952225432	0.924748222612278
Sym_140163_c0_g1	81.3754219130159	0.178023982147164	0.185569125878925	0.959340522320059	0.337387227649387	0.798034434100505
Sym_140883_c1_g1	132.46201659146	-0.0114188734810013	0.21437089812303	-0.0532669013424006	0.957519251648737	0.998712504093798
Sym_141083_c0_g1	202.1204571463	0.25756934366046	0.15635617335891	1.64732442683423	0.0994913797047349	0.63394141719485
Sym_141362_c0_g3	102.39924275782	0.0716386054554899	0.160590226965255	0.44609567349942	0.655528137915207	0.908861010957463
Sym_142188_c6_g1	34.5317190739126	0.22899296937335	0.315660860344926	0.725439856950042	0.4681822289987	0.836425044088873
Sym_143145_c5_g3	35.7265918227536	-0.0543840699868094	0.280357188524482	-0.193981364533695	0.846190473692709	0.985535597181003
Sym_143244_c1_g1	65.8002367501054	-0.121706157094989	0.194768047000992	-0.624877432253402	0.532051505079348	0.857824335806153
Sym_143319_c2_g2	50.2992310150372	0.173595479890128	0.268028190196194	0.647676200637917	0.517194400399082	0.851796302800898
Sym_143426_c2_g1	55.0371251553722	-0.0940903059059476	0.225487830255513	-0.417274430284458	0.676477689065493	0.91954440783201
Sym_144233_c1_g1	39.9119629203529	0.257836589296171	0.269309827025962	0.957397626902474	0.338366595796273	0.798034434100505
Sym_144324_c2_g4	53.1014726430485	-0.31747779379447	0.26998054467831	-1.1759284142965	0.239623483248904	0.770088611349209
Sym_144769_c1_g2	41.3027033867307	0.389960948294719	0.253296188815439	1.53954526563706	0.123671236048638	0.672387138019727
Sym_144984_c0_g1	136.532310407651	0.251025722605213	0.160822854074133	1.56088339589782	0.11855126565652	0.672387138019727
Sym_146541_c1_g1	46.0353459702569	-0.0683266946008094	0.255187027583436	-0.267751441943769	0.788890650015898	0.95414281065322
Sym_146798_c0_g2	471.532162630679	-0.378836009944217	0.129233175026687	-2.93141455254028	0.00337422176733562	0.162265442596213
Sym_146798_c1_g2	72.4062871579722	-0.241198565242321	0.201288208757928	-1.19827468648394	0.230810097881926	0.770088611349209
Sym_147389_c1_g1	127.009490153095	-0.0644478635039274	0.187521833700527	-0.343681918164531	0.731085510972928	0.935095013311512
Sym_147711_c0_g1	94.1268959741677	0.173539695541379	0.16322943654165	1.06316421362576	0.287707488137486	0.798034434100505
Sym_148542_c0_g2	222.269185443315	-0.115438834971949	0.168908726642641	-0.683439140573135	0.494329394482598	0.850151035921763
Sym_148791_c2_g2	45.6026221750335	0.376106410992298	0.228468461904582	1.64620713010873	0.0997211218059314	0.63394141719485
Sym_148851_c1_g6	67.6725770839007	-0.0804650423791702	0.217726487020118	-0.369569377986313	0.711703370966231	0.928082051516404
Sym_149385_c2_g1	143.563339774114	-0.152608679801066	0.185760475225155	-0.821534718922811	0.411341756416127	0.827507925069398
Sym_149661_c2_g2	40.5621359994039	-0.359588378333088	0.28044191031964	-1.28222054229783	0.199765292034179	0.770088611349209
Sym_151345_c3_g1	137.961348844371	-0.529192307019916	0.18873719205138	-2.80385811226785	0.00504951212556238	0.179762631670021
Sym_152125_c5_g2	805.362549398188	0.316959972113018	0.107688736173867	2.94329735285663	0.00324736345523394	0.162265442596213
Sym_152309_c0_g2	111.677030872433	0.216477753710136	0.176008837733066	1.22992547702886	0.218725012809735	0.770088611349209
Sym_152567_c7_g1	36.1540895273752	0.211129590765937	0.288527815882785	0.731747787019985	0.464322523156332	0.836425044088873
Sym_152950_c3_g7	65.7528528555852	0.378423837740537	0.210742613222241	1.79566833662381	0.0725472804955384	0.545706083135004
Sym_153078_c0_g1	40.6942630285172	0.451567315038344	0.265269314503614	1.70229759097218	0.0886995961886851	0.61915796555239
Sym_154888_c1_g1	69.8550281800669	-0.28672056305546	0.251065293540102	-1.14201592347794	0.253447400894607	0.776643284442519
Sym_157791_c0_g1	58.7050808743869	0.148613872578781	0.227384229643045	0.653580385992818	0.513382184185764	0.851796302800898
Sym_158035_c0_g1	47.3643877529803	-0.168910187290923	0.268766226132478	-0.628465078077427	0.529699316703232	0.857824335806153
Sym_158124_c0_g1	48.7626748604394	0.0629150302798402	0.242588180513457	0.259349116460149	0.795365885959199	0.955529604869021
Sym_17199_c0_g1	43.2446043596731	0.000402802636423375	0.249623989972114	0.00161363752125095	0.998712504093798	0.998712504093798
Sym_172288_c0_g1	54.1168385650057	0.746521752604209	0.279097566841203	2.67476983426715	0.00747805706062208	0.242017119416496
Sym_173607_c0_g1	39.4300835958825	0.137730092186078	0.254752489393829	0.540642772574275	0.588753830274595	0.891899419479813
Sym_17477_c0_g1	52.4975902365206	-0.168193302387813	0.218272909330565	-0.770564257853415	0.440965253565508	0.828524256287333
Sym_175609_c0_g1	56.2749254226175	0.142062564112513	0.28143650632512	0.504776604739403	0.613715749559358	0.901639625761912
Sym_176037_c0_g1	45.1238295378148	-0.263549674447219	0.248156573078108	-1.06202979505308	0.288222159201192	0.798034434100505
Sym_178992_c0_g1	75.5236896281009	-0.172116465557168	0.213405595950692	-0.806522738030433	0.419941502714317	0.828524256287333
Sym_18246_c0_g1	47.2198445760778	-0.186764239022901	0.259820233139841	-0.718820996986715	0.4722512187131	0.836425044088873
Sym_188258_c0_g1	92.9740345612705	-0.203876804776418	0.241441986793981	-0.844413216953781	0.39843853924458	0.827507925069398
Sym_204881_c0_g1	46.2683567434178	0.342242390589413	0.340762902962719	1.00434169216729	0.315213944268423	0.798034434100505
Sym_208475_c0_g1	56.8870697096983	0.385309498561063	0.221139732567229	1.74238023211828	0.0814419325949659	0.591700571506283
Sym_209041_c0_g1	78.9462455650672	0.256696305669482	0.189918846627383	1.35161049168077	0.176499952239985	0.769968676618841
Sym_210042_c0_g1	89.5689033520844	-0.262094535670779	0.212151441465549	-1.23541246696332	0.216677035300308	0.770088611349209
Sym_21232_c0_g1	119.366645513532	-0.0346304957079382	0.179621219297269	-0.192797353472061	0.847117676228615	0.985535597181003
Sym_214581_c0_g1	42.9850379419656	-0.254222074077266	0.268181033199666	-0.947949491595825	0.343155167808108	0.798034434100505
Sym_218000_c0_g1	50.8003832779897	0.289147855692516	0.255969007118311	1.12962056987966	0.258636139644545	0.780292082317441
Sym_237228_c0_g1	38.3585799028672	-0.305545060550472	0.276106099120829	-1.1066219164422	0.268457427616414	0.789841687863167
Sym_237405_c0_g1	57.4502640568117	0.13024219220908	0.234673979405182	0.554992047005805	0.578900100269512	0.891899419479813
Sym_237540_c0_g1	46.0196644198902	0.00863401742338218	0.255991290819048	0.0337277779871241	0.973094227939073	0.998712504093798
Sym_242526_c0_g1	51.8985805129867	0.202354773532989	0.206508958593657	0.979883753765654	0.327143503271617	0.798034434100505
Sym_244110_c0_g1	57.2399363845378	0.00336889683091875	0.229208914371499	0.0146979310999156	0.988273169924065	0.998712504093798
Sym_244729_c0_g1	42.4490008344336	-0.120727615639484	0.266563383207227	-0.452903974232761	0.650617889058313	0.908861010957463
Sym_245377_c0_g1	63.9595546523507	-0.0481922437323116	0.515548655312957	-0.0934775859381442	0.925524155546591	0.998712504093798
Sym_248486_c0_g1	51.3424561660385	0.582988662024214	0.258009678067472	2.25956121642754	0.0238484969474572	0.389570650841188
Sym_26664_c0_g1	37.5200756954543	-0.0915437258572844	0.288762758571303	-0.317020540703415	0.751228016312057	0.935095013311512
Sym_271368_c0_g1	63.1828317980671	-0.549420240141218	0.225487028681229	-2.43659355198624	0.0148263337798351	0.347721309652196
Sym_272568_c0_g1	45.1794359804089	0.251128359368938	0.263214098759115	0.954083996840772	0.340041125985434	0.798034434100505
Sym_276093_c0_g1	47.9512721057426	-0.0627907187161467	0.23616557366993	-0.265875833384185	0.790334837580563	0.95414281065322
Sym_278149_c0_g1	86.6700903354228	0.133430188220245	0.192001285844574	0.694944242864378	0.487090244655963	0.845873790719624
Sym_281979_c0_g1	81.1922314525764	-0.0823384984641806	0.199182320140028	-0.413382565311496	0.679326346235446	0.91954440783201
Sym_28806_c0_g1	34.2173590134487	0.122932346401834	0.287890672729066	0.427010521864059	0.66937166397535	0.91954440783201
Sym_289794_c0_g1	56.9661013508352	0.0516870320487477	0.206694839803695	0.250064452977329	0.802537505213026	0.955529604869021
Sym_294695_c0_g1	42.0332468160497	0.730743042037999	0.259423155562269	2.81679960470067	0.00485047795265968	0.179762631670021
Sym_30446_c0_g1	109.687853208358	0.00268820563781392	0.179070020607821	0.0150120362341462	0.988022577938683	0.998712504093798
Sym_30458_c0_g1	47.2983293020386	0.484801297172321	0.237195005225447	2.04389336407624	0.0409640828549702	0.499094919699929
Sym_310154_c0_g1	75.2825920051078	-0.104072486525048	0.208229608922829	-0.49979677272322	0.617218183276832	0.901639625761912
Sym_311128_c0_g1	57.3134971637293	0.510347191910725	0.226224066545277	2.25593677854157	0.0240745907823206	0.389570650841188
Sym_317193_c0_g1	55.0125581776425	-0.235437483319865	0.251293537988671	-0.936902258626642	0.348808837290187	0.798034434100505
Sym_32537_c0_g1	89.7861659244862	-0.125470480207193	0.194660924973149	-0.644559149323367	0.519212914909536	0.851796302800898
Sym_33974_c0_g1	44.5922620821267	-0.270511258186217	0.263288458517874	-1.02743302805221	0.304216605959214	0.798034434100505
Sym_37542_c0_g1	37.2893055732965	-0.118337680204539	0.305147083639276	-0.387805378289079	0.698160065117931	0.927257419249535
Sym_37619_c0_g1	50.8576402492911	-0.252073616655554	0.229619288636409	-1.09778938064172	0.272296469605351	0.790046170027878
Sym_39803_c0_g1	56.2985985994612	-0.237795650417261	0.260614922538203	-0.912440654208519	0.361536796711195	0.802427556119471
Sym_39928_c0_g1	52.7803204280639	-0.172616000207597	0.278890919424494	-0.618937327051734	0.535957647115145	0.859463614292754
Sym_40740_c0_g1	49.3194043571499	0.00105050015802693	0.215067717165159	0.00488450880436049	0.996102741334978	0.998712504093798
Sym_44628_c0_g1	48.4220965584815	0.310561380401352	0.308791608824585	1.00573128131138	0.314544851390831	0.798034434100505
Sym_45312_c0_g1	54.1777702969633	-0.0984123523530556	0.237294811509762	-0.414726102635443	0.678342421605933	0.91954440783201
Sym_55311_c0_g1	37.8785352069979	-0.0639725516715499	0.273095059538991	-0.23425012440555	0.814790803668113	0.964092426067282
Sym_57158_c0_g1	50.041133368069	0.0911614552130942	0.273883582601046	0.332847461492006	0.739249429814619	0.935095013311512
Sym_62034_c0_g1	49.5554255958248	0.288029121448788	0.25173632779421	1.14416987000878	0.252553195894445	0.776643284442519
Sym_62856_c0_g1	58.6416508585893	0.279571869912206	0.251996301160763	1.10942846630853	0.267245387807038	0.789841687863167
Sym_65138_c0_g1	106.402709482611	0.0558625309044098	0.191813074617172	0.291234218605288	0.770872193599927	0.948252482410347
Sym_67222_c0_g1	89.9346723624611	-0.136580981393745	0.201559347325089	-0.677621669281641	0.498011603157737	0.851796302800898
Sym_67337_c0_g1	40.477844546607	0.144875087837719	0.26328893554723	0.55025133333691	0.582146999045825	0.891899419479813
Sym_72647_c1_g1	43.5876248791945	-0.160333206053109	0.275115397497189	-0.582785287598262	0.560037850328823	0.870626527148737
Sym_73573_c0_g1	79.2213475291732	0.24775627270077	0.194416229667181	1.27436003220977	0.202535850054881	0.770088611349209
Sym_74166_c0_g2	118.93058149597	-0.171141683353425	0.173695633701227	-0.985296404443908	0.324478498347481	0.798034434100505
Sym_75131_c0_g1	47.9531504452303	-0.257822827386855	0.264882202098282	-0.973349003234245	0.330379875312165	0.798034434100505
Sym_75561_c0_g1	57.2352137384445	-0.00135485400793825	0.2433590831448	-0.00556730404483032	0.995557957004107	0.998712504093798
Sym_76402_c0_g1	53.7091870397888	0.31111407049095	0.234172749920673	1.32856649886181	0.183991030805862	0.770088611349209
Sym_76645_c0_g1	326.311587286534	0.0558587665521847	0.14804200924658	0.377316998306514	0.705938041344452	0.927357722208948
Sym_79288_c0_g1	138.420727796353	0.0145378417413598	0.190371955010536	0.0763654590853741	0.939128348990998	0.998712504093798
Sym_79448_c0_g1	52.6807511637721	-0.124540591326995	0.21895316635062	-0.568800138416644	0.569491780720551	0.881474234506591
Sym_80796_c0_g1	42.7543109746206	-0.0475952875258934	0.279626009993161	-0.170210516278716	0.864844581606226	0.989982865118381
Sym_82427_c0_g1	51.6571669356852	-0.226061800253786	0.25822868324591	-0.875432571673333	0.381338583678114	0.822897968403338
Sym_82979_c0_g1	50.3710338353809	-0.220627414201697	0.278052024527299	-0.79347530224523	0.42750095320095	0.828524256287333
Sym_83072_c0_g2	54.8726300964541	-0.109551486481411	0.221136116438749	-0.495402959252724	0.620315706249207	0.901639625761912
Sym_84180_c0_g1	38.6816450752137	0.19141969870638	0.259324229353069	0.738148144444161	0.460424430220918	0.836425044088873
Sym_84255_c0_g2	121.926414294018	0.248618193248631	0.156687591195746	1.58671271509968	0.112577725225579	0.66787597183453
Sym_84416_c0_g1	142.611073206104	-0.328297423317723	0.171495048178292	-1.91432596337367	0.0555785189789866	0.531940121656983
Sym_84654_c0_g1	63.778789039443	-0.346800045723226	0.231212483583769	-1.49991921001783	0.133635331254281	0.672387138019727
Sym_85001_c0_g1	62.1116347104094	-0.333511549616699	0.236375519048081	-1.41093947021163	0.158262462645127	0.741334693442961
Sym_85763_c0_g2	59.1125190690819	-0.225466221327566	0.229125587864665	-0.984028992260523	0.325101258078744	0.798034434100505
Sym_86661_c0_g1	40.7274054874922	0.392041173537862	0.26069576216021	1.50382641547097	0.132626067737238	0.672387138019727
Sym_87251_c0_g1	52.5846738656017	-0.521063709072612	0.262080881921309	-1.98817901272579	0.0467918952455562	0.504785294164182
Sym_89597_c0_g2	55.7798281846763	0.00870835111940961	0.224569553943267	0.0387779686359871	0.969067410101888	0.998712504093798
Sym_89625_c0_g1	45.4460596261842	0.590037279306889	0.248451157258033	2.37486226998772	0.0175554994709474	0.347721309652196
Sym_89763_c0_g1	68.7266259167857	0.14192890351668	0.235354282295056	0.60304364183503	0.546479656963861	0.860826362297056
Sym_91477_c0_g1	55.5483634480144	-0.137453279601423	0.224798016885676	-0.611452367354856	0.540900143179592	0.860826362297056
Sym_92614_c0_g2	74.3925721468232	-0.162923381838177	0.1909789076429	-0.853096207581297	0.393605954347762	0.827507925069398
Sym_92829_c0_g1	41.1027530616415	0.0152851791077205	0.255956856048739	0.0597177951928348	0.952380398514508	0.998712504093798
Sym_92876_c0_g1	304.239655096268	-0.0252452451551174	0.147999565384257	-0.170576481691498	0.864556791764357	0.989982865118381
Sym_93418_c0_g1	63.0337886078413	0.069698716010874	0.243632537898071	0.286081311684377	0.77481584476798	0.948252482410347
Sym_94487_c0_g1	61.0491169289555	0.188193852632555	0.21230781837303	0.886419794027058	0.375391356773984	0.819873147310052
Sym_94893_c0_g4	51.1325461369921	0.0091215593059973	0.252166708681626	0.0361727341158018	0.971144626779955	0.998712504093798
Sym_94907_c0_g2	53.5389854586493	-0.094406750173334	0.223232395522536	-0.422907929435373	0.67236243725087	0.91954440783201
Sym_94934_c0_g1	117.47029350253	0.217823120913084	0.154309703243729	1.41159704370007	0.158068643371433	0.741334693442961
Sym_96651_c0_g1	44.597274647581	0.34977140222198	0.289826230786647	1.20683142196146	0.227497072342179	0.770088611349209
Sym_96774_c0_g1	87.488488472676	-0.403778503328963	0.198187974309169	-2.03735118004222	0.0416148624364238	0.499094919699929
Sym_97621_c0_g2	38.6517985916716	0.117583078165495	0.264064280544146	0.445282027251837	0.656115954539517	0.908861010957463
Sym_98005_c1_g1	41.6300888982147	-0.309235484017054	0.29024884880309	-1.06541502332312	0.286688161248856	0.798034434100505
Sym_98005_c2_g1	60.1696175862331	0.285638972056691	0.229926610078502	1.24230497704971	0.214124059736497	0.770088611349209
Sym_98024_c0_g2	48.9793559701759	-0.167185794086168	0.242234548620678	-0.690181458582811	0.490080081847015	0.846934510376394
Sym_98887_c0_g1	146.799660612005	0.0692902079574245	0.148980230729875	0.465096661603773	0.641862236587874	0.908654730111898
Sym_99526_c0_g1	240.178304193867	-0.081935771306922	0.131274712690929	-0.624155022908564	0.53252578149764	0.857824335806153
