baseMean	log2FoldChange	lfcSE	stat	pvalue	padj
Sym_100100_c0_g2	93.5992744832246	-0.101175046377846	0.179126686337244	-0.564823971495583	0.572193500478132	0.758086947477708
Sym_100230_c0_g1	67.1835584880205	-0.103288463800158	0.197731571530514	-0.522367080788707	0.60141477171959	0.776188203536009
Sym_100246_c0_g3	90.6820633109784	0.37102662808959	0.263578299505833	1.40765240835534	0.159234020637828	0.357377508725907
Sym_100437_c0_g1	101.639860990355	0.304165444541383	0.183765984219401	1.65517816495481	0.0978883630297757	0.285353812983025
Sym_100629_c0_g1	162.589106605902	-0.114812621461394	0.161775157158218	-0.709704898318267	0.477887153972778	0.686823863151575
Sym_100793_c2_g1	110.292884840254	-0.0361865002698046	0.168936561847437	-0.214201709056231	0.830389763378983	0.909571869159216
Sym_100802_c0_g1	131.711280668044	0.0536773652436918	0.173916947240641	0.308637922268844	0.757596970446885	0.863828279956042
Sym_101037_c0_g1	138.437727229406	0.0215402060542793	0.137318769758281	0.156862795175022	0.875352981950074	0.938829727915183
Sym_101057_c0_g1	188.659538917596	-0.283281841296666	0.176445334257196	-1.6054935229046	0.108385237470187	0.299027128377568
Sym_101138_c0_g1	98.7188589379401	-0.428198805342182	0.160422698778885	-2.66919088509027	0.00760342247731477	0.0436994866136381
Sym_101210_c1_g3	62.3996131265755	0.316890179369052	0.219276975618335	1.44515938563755	0.148413121485041	0.351467133794931
Sym_101261_c1_g1	76.9595749810945	0.0149117623951429	0.185387463274669	0.0804356569303159	0.935890768637267	0.960764941890085
Sym_101299_c0_g1	52.488911438823	-0.108614180166641	0.234806074621806	-0.46256971989154	0.643672817222167	0.792409962237648
Sym_101326_c0_g1	185.806762087349	-0.184674739310952	0.112321289167242	-1.64416506149585	0.100142111729112	0.289195444152294
Sym_101441_c0_g1	121.112726345384	0.374869808986242	0.141350184762869	2.65206451349977	0.0080001254470716	0.0445727338208177
Sym_101501_c0_g1	147.057669425164	-0.398200107610976	0.123120278339106	-3.23423657729418	0.0012196837752345	0.011420675349923
Sym_101501_c0_g2	78.8406558118562	0.0733241791513436	0.253483685330601	0.289265871512448	0.772377927027198	0.874229961360455
Sym_101543_c0_g2	302.958584801491	0.015348227864508	0.130793693630522	0.117346849366187	0.906585201028869	0.959249994937787
Sym_101543_c0_g3	247.639328497804	0.308133699781294	0.153839303284023	2.00295823761245	0.0451817712518123	0.162339154846628
Sym_101592_c0_g2	205.366957731635	-0.0678066885394595	0.114241948252681	-0.593535820918287	0.552822617633144	0.74922012652913
Sym_101592_c0_g3	117.706689049763	-0.307948764568019	0.166774704616356	-1.84649563779121	0.0648202721844207	0.208640251093604
Sym_101757_c0_g1	134.448567293507	-0.340271963391755	0.151337116739419	-2.24843693816141	0.0245483420279298	0.10683715051592
Sym_101806_c0_g1	97.3480520378633	0.0519093563458121	0.189201406178889	0.274360309440471	0.783807741579136	0.883929168423187
Sym_101851_c0_g1	325.894778130647	-0.134208465220005	0.144385577864913	-0.929514340729865	0.352622596750516	0.595411925660707
Sym_101880_c0_g1	139.578676979379	0.162018265512274	0.178916618693409	0.905551796671883	0.365173132384592	0.606658590896984
Sym_101956_c0_g2	33.5120776047572	-0.827813503507615	0.227436324145911	-3.63975942108762	0.000272892884474361	0.00290772073457164
Sym_101976_c0_g1	153.913499585959	0.0904758231225902	0.222431689162116	0.40675779365524	0.684185888525397	0.827944093127782
Sym_102324_c0_g5	59.2672970941423	0.316255880636025	0.207501462229637	1.52411398569342	0.127480239602157	0.324541938108253
Sym_102382_c3_g3	587.904097513402	0.313343962413618	0.0816791708016784	3.83627746631311	0.000124913276923879	0.00148454625267226
Sym_102395_c0_g1	161.044242250176	0.905024908687831	0.144250513129172	6.27398051525408	3.51932569830773e-10	2.71867910194272e-08
Sym_102471_c7_g1	246.630581812104	-0.0740679447655288	0.222386595366787	-0.333059394354984	0.739089449752845	0.858566315690334
Sym_102539_c1_g2	60.5294910604816	-0.105604153627691	0.189121020632093	-0.558394583926912	0.576574970395249	0.758134748306945
Sym_102539_c1_g5	240.629210869774	-0.0882927456435221	0.119560552176208	-0.738477232134197	0.460224497666298	0.679649301974035
Sym_102539_c1_g8	42.4738144460347	-0.185114271398944	0.219340443556546	-0.84395868084046	0.398692495252394	0.638321145248651
Sym_102539_c1_g9	70.4891542042648	-0.504045234709984	0.215640114405308	-2.3374372439935	0.019416460468262	0.0895475564879546
Sym_102636_c0_g1	346.910159689713	-0.436102124746564	0.142135086916303	-3.06822287309935	0.00215335952051127	0.0174478983693709
Sym_102664_c0_g1	120.404740402997	0.066277622483579	0.170985247238007	0.387621877057746	0.698295876780967	0.83633110823767
Sym_102695_c0_g1	82.6804927820224	-0.743491643111318	0.184232031009661	-4.03562637309432	5.44568182339715e-05	0.00073161551453466
Sym_102774_c0_g1	261.984486141435	0.127505687693934	0.129149198116511	0.987274327316426	0.323508172684482	0.561264260396899
Sym_102797_c0_g2	69.9138533981058	-1.30870603656229	0.219636480991175	-5.95850939997018	2.54549009011898e-09	1.12365205406681e-07
Sym_102806_c2_g3	62.0316995509689	-0.636714943833332	0.208408010998164	-3.05513660815534	0.00224958031198158	0.0174478983693709
Sym_102806_c2_g4	129.446794683177	-0.252537247431224	0.16643667759603	-1.51731728293793	0.129186596722703	0.324541938108253
Sym_102902_c2_g1	95.7371898853429	-1.35689464918264	0.209409147201359	-6.47963409104522	9.19453226320014e-11	9.47036823109615e-09
Sym_102979_c12_g1	48.0692824224716	-0.393784991362127	0.26574436120434	-1.48181880352047	0.13838851443382	0.340415846286176
Sym_103005_c0_g1	193.001652524126	-0.243588107848819	0.12968165616764	-1.8783543875622	0.0603327009056321	0.196240048208845
Sym_103012_c3_g1	45.79074653688	0.217398315565118	0.268454764337498	0.809813586663739	0.418047322621343	0.648702272778822
Sym_103171_c0_g1	168.662650973033	0.122018090118263	0.163332765543397	0.747052128287412	0.455032095312374	0.679250808944558
Sym_103259_c1_g1	52.5626803044401	0.0894431013893508	0.243976334178245	0.366605645136078	0.713913196779157	0.838780143744333
Sym_103259_c1_g4	184.381732094214	0.193432250263705	0.146507793117363	1.32028642400443	0.186739406511801	0.384757882187201
Sym_103259_c2_g1	63.3481760527447	-0.491515969021996	0.22357181175691	-2.19847021482486	0.0279156148442294	0.118163355984478
Sym_103301_c0_g1	277.403041666923	-0.128889165683469	0.165380071677872	-0.779351250581867	0.435772832210002	0.66660299580639
Sym_103490_c0_g1	92.3307343614309	0.304206177833703	0.225368297650347	1.34981796909906	0.177074379492575	0.370203278625327
Sym_103496_c0_g1	112.777395875862	0.179894397200942	0.200809765912207	0.895844862841934	0.370335625494789	0.611944964052887
Sym_103660_c1_g1	111.942497875737	-0.642586853547193	0.179244758121136	-3.58496873371842	0.000337118589776367	0.00336031110454508
Sym_103755_c0_g1	153.87632315184	0.0685076840478088	0.155183419872748	0.441462651770312	0.658878094054572	0.804716723568628
Sym_103763_c6_g1	100.520918366448	0.0341565986980078	0.158899111238184	0.214957770574364	0.829800243089018	0.909571869159216
Sym_103763_c6_g2	74.5919915165704	0.207427415288106	0.244233249328554	0.849300477549087	0.395714115197083	0.637305125572013
Sym_103894_c0_g1	75.5326024816386	-0.968773823353247	0.191323844325117	-5.06352894366374	4.11565862856044e-07	1.15612592384107e-05
Sym_103894_c0_g2	49.495668596797	-0.0720554897211104	0.245241850315005	-0.293814002905938	0.768900034352619	0.873493053731468
Sym_103894_c0_g4	40.6765358353432	-0.0741687674154011	0.237313626599018	-0.312534802481958	0.754634118147361	0.863828279956042
Sym_104048_c2_g7	58.3830792157265	0.148205159715024	0.24421462031202	0.606864402817778	0.543940903520944	0.743706810566246
Sym_104174_c0_g1	74.4660480046225	0.165939318437193	0.202124552707967	0.8209755629092	0.411660187848291	0.648702272778822
Sym_104246_c5_g1	94.3098510952655	0.66176109571588	0.206314133439006	3.20754126091667	0.00133874854969688	0.0118192371958953
Sym_104246_c5_g4	51.1350089555378	-0.212864082731432	0.248372927935745	-0.857034156260782	0.391426008166572	0.63658229749195
Sym_104264_c2_g1	40.04645600842	-0.0237022844494254	0.270559945033206	-0.0876045581932554	0.930190979197017	0.960313211349407
Sym_104397_c2_g9	142.582288943657	0.353970629207537	0.187679613934439	1.88603664397555	0.0592900168326851	0.194900161715954
Sym_104594_c0_g1	96.4806295589224	-0.247742992030298	0.217054876382476	-1.14138413363147	0.253710104387373	0.483928532442581
Sym_104781_c1_g2	82.4324520884039	0.699835262289797	0.232498136459905	3.01006826525891	0.0026118897875535	0.0192160462941436
Sym_104866_c10_g1	92.3339562983066	-0.660981249253968	0.208708087125579	-3.1670131155783	0.00154013372073618	0.0132194811029855
Sym_105077_c3_g2	73.9704640421846	-0.320030496558368	0.217408087537713	-1.47202663977647	0.141013683898481	0.340415846286176
Sym_105147_c1_g1	48.193813721711	0.391317047180727	0.239127580155903	1.6364362777627	0.101748311853462	0.289246455025069
Sym_105147_c1_g2	45.7865343493178	0.111589284498192	0.30287425436038	0.368434368031214	0.712549374985695	0.838780143744333
Sym_105388_c1_g2	41.8119265699038	0.00603753231672199	0.261021060422593	0.0231304413021204	0.981546223530141	0.984733061918226
Sym_105558_c0_g1	56.4065177016544	0.259554644136176	0.183518088546653	1.41432730796013	0.157265822525002	0.357377508725907
Sym_105819_c0_g1	68.4053518054586	0.018036533742283	0.197570493340492	0.0912916369105732	0.927260863019248	0.960313211349407
Sym_105943_c4_g1	65.1220147689757	0.38735385162231	0.247147965316283	1.56729532904146	0.117045676683143	0.311785466336994
Sym_106346_c4_g1	38.2042295360362	-0.726630731604899	0.242429315977267	-2.99728903938762	0.00272392314510206	0.0195742384148032
Sym_106497_c4_g4	87.952069360318	0.336564407221534	0.211884279598074	1.58843500735386	0.112188006664132	0.301444296167103
Sym_106752_c2_g1	143.298144696935	0.0904358044826562	0.15584234673058	0.580303148533828	0.561710204560171	0.755221024517552
Sym_106752_c4_g4	81.9486229081819	0.310891521018557	0.250466730596064	1.24124876896302	0.214513863821993	0.427643767232231
Sym_106992_c0_g1	113.763467088124	0.0106718381059186	0.161404315009401	0.0661186666868049	0.94728334950274	0.96733012556293
Sym_107242_c3_g1	59.9728091288714	0.286856988818062	0.203029120312062	1.41288593664373	0.157689264772365	0.357377508725907
Sym_107369_c2_g3	154.304961538762	-0.428500422957835	0.186623630416986	-2.296067341528	0.021672031270857	0.0956665380384974
Sym_107499_c4_g1	76.8255781608317	0.272753199795294	0.258416898860078	1.0554774126555	0.291207034515548	0.524445640905978
Sym_107578_c2_g2	191.675400093216	0.423029651052997	0.129133799439206	3.27590183894615	0.00105325161341239	0.0101704608920134
Sym_107647_c1_g2	60.5772072826565	0.0131322020159323	0.216701930489008	0.0606003000817676	0.951677534534403	0.96733012556293
Sym_107783_c2_g1	51.9279498691607	0.0883347276106228	0.233907016035678	0.377648901293106	0.705691432200071	0.838687125191623
Sym_107887_c2_g1	61.0028875991184	-0.271724869092672	0.246292347264144	-1.10326151872373	0.269913612594691	0.499420995759038
Sym_108316_c1_g1	149.618212546184	-0.810122032171171	0.159291911469384	-5.08577004757005	3.66137453749126e-07	1.1313647320848e-05
Sym_108329_c1_g2	49.362861787631	-0.655664671311241	0.23434072267078	-2.79791179202075	0.00514341568908079	0.0324350091413462
Sym_108395_c0_g2	167.598723844355	-0.207057480624637	0.147225209556039	-1.40639963256987	0.1596054893339	0.357377508725907
Sym_108429_c4_g2	254.324950762148	0.601179015408661	0.144914732239738	4.14850171626518	3.3465833875882e-05	0.000531132866277519
Sym_108429_c4_g6	35.5083717805126	0.217849705525118	0.252817203519574	0.861688613323544	0.388858893205448	0.635753428573986
Sym_108771_c2_g1	121.727029696105	-0.0928082714673663	0.178379519462466	-0.520285466330649	0.602864624105638	0.776188203536009
Sym_109060_c7_g1	61.5624075390423	-0.105650003619391	0.21390510703356	-0.493910618051841	0.621369305405374	0.783686185184737
Sym_109253_c1_g1	76.2305809015365	-0.295717313583022	0.166053019146394	-1.78086080640494	0.0749351928393604	0.23332655393708
Sym_109253_c1_g2	139.513485747748	-0.263855575142334	0.148454249090954	-1.77735279898036	0.075510211630123	0.23332655393708
Sym_109253_c1_g3	38.6941634560346	-0.494359603049618	0.255836522191419	-1.9323261542765	0.0533192622337371	0.181051121211261
Sym_109358_c2_g1	49.8350223813593	-0.244366773992478	0.209486261265273	-1.16650501334326	0.243410322824904	0.473042702848399
Sym_109489_c3_g1	115.950750630473	-0.0296307240416342	0.216981664314947	-0.136558654092659	0.891379659503685	0.949780395815996
Sym_109725_c2_g2	49.3288951027519	-0.575591730126072	0.222059656826879	-2.5920589914935	0.00954034109509155	0.0491327566397215
Sym_110125_c3_g1	76.9680272033273	-0.19749171941127	0.176487916609907	-1.11900986313861	0.263135931288693	0.493593073927875
Sym_110573_c2_g1	110.09204235532	-0.395685761660302	0.171342722044829	-2.30932342464349	0.0209256407394482	0.0937104780940505
Sym_110573_c3_g1	80.5680467592963	0.251697814679605	0.18315314893805	1.37424781467852	0.169364761215697	0.360922146314829
Sym_110707_c7_g1	6485.28585961129	-0.165479350753482	0.288824317659814	-0.57294119862992	0.566684508278322	0.755221024517552
Sym_110716_c0_g1	118.712020074691	-0.176550283677975	0.231316683468459	-0.76324059739534	0.445319921358852	0.674528704411202
Sym_110740_c0_g1	98.0856021095616	0.3790523930086	0.189808368839225	1.99702676613629	0.0458222754292921	0.162748081697141
Sym_111108_c5_g1	159.740746469721	-0.0241548096394344	0.261685392079063	-0.0923047688964487	0.926455899516847	0.960313211349407
Sym_111127_c1_g1	78.046517770096	-0.0147396332310694	0.173616925219876	-0.0848974442578248	0.9323429236402	0.960313211349407
Sym_111127_c1_g2	120.560624421977	-0.210317307751293	0.16436302207025	-1.27959017242578	0.200689307967964	0.405313700405888
Sym_111423_c4_g1	57.6782144447536	0.265319495571735	0.2106775644835	1.25936283828891	0.207899305714724	0.417148606921102
Sym_111553_c2_g1	47.731115502728	-0.18627586745846	0.253465402390351	-0.734916346380028	0.462390442431402	0.679649301974035
Sym_111787_c1_g1	966.242748571357	-0.661676783405138	0.125430151994496	-5.2752609550706	1.32567310568206e-07	5.12041237069697e-06
Sym_111886_c4_g1	64.8170563188552	1.15258780898337	0.440325519444823	2.61758121681567	0.00885554118383916	0.0471786590656259
Sym_112013_c3_g1	232.201261144156	0.346293913333428	0.130736344822397	2.64879604676008	0.00807790645296373	0.0445727338208177
Sym_112123_c0_g2	38.4908138033746	0.456261356754784	0.273922900422637	1.66565612459132	0.095781925584338	0.281872523862481
Sym_112513_c2_g1	68.1591458047431	-0.321470573782693	0.199063292144317	-1.61491639327272	0.106328801673435	0.298687270155378
Sym_112519_c1_g6	38.7712419905814	-0.0019628773167238	0.242363733284656	-0.00809889041615978	0.993538091019006	0.993538091019006
Sym_113175_c1_g1	105.703199874254	-0.713608844968601	0.172271779967147	-4.14234325032625	3.43775317978976e-05	0.000531132866277519
Sym_113215_c4_g5	78.8386694347918	-0.648389591201263	0.212312994491129	-3.05393267498921	0.00225862762063054	0.0174478983693709
Sym_113270_c1_g1	269.454028164007	-0.0160349369058743	0.146233260529637	-0.109653144898759	0.912684461202943	0.959249994937787
Sym_113653_c1_g2	43.7962029816956	0.184964934417598	0.276616121104592	0.668670118281576	0.503705933127922	0.713968501543706
Sym_113764_c0_g1	338.97692432158	0.0434560216100022	0.133039421632489	0.326640187372779	0.743940044191054	0.860964320805377
Sym_113783_c0_g1	293.065044542765	0.184072484362523	0.119129230960488	1.54514960667861	0.12231008033497	0.318476743177103
Sym_114475_c0_g3	216.241768097089	-0.155256231149205	0.146732908079692	-1.05808733147225	0.290015629488431	0.524445640905978
Sym_114698_c0_g1	301.134221771249	-0.350458605110615	0.132853778288863	-2.63792727331108	0.0083414468906832	0.0452194226179142
Sym_114890_c0_g1	102.999455863109	0.169079911066297	0.226023609288536	0.748063052344476	0.454422126668295	0.679250808944558
Sym_114907_c1_g1	149.070550789742	0.0196082126522605	0.163428801665542	0.119980153145764	0.904498869870011	0.959249994937787
Sym_114907_c2_g1	124.5216518277	-0.228452503482953	0.14190966475997	-1.60984457168131	0.107431792025437	0.299027128377568
Sym_114907_c3_g1	128.81640677267	-0.0834079950253758	0.170421996438251	-0.489420361036534	0.624544123937148	0.784488350799101
Sym_114907_c3_g2	189.449229132078	-0.525574545275739	0.185788721394462	-2.82888294472867	0.00467107802712098	0.0307098534123485
Sym_114970_c0_g2	73.8321476538135	-0.531278643703106	0.226309576683223	-2.3475747314342	0.0188960821041128	0.0884680207601646
Sym_115147_c3_g1	66.7337227576458	-0.143774783178199	0.222529913704827	-0.646091937863723	0.518219816271453	0.724569788361443
Sym_116433_c1_g2	77.3756320996467	-0.417595045095829	0.197542328591264	-2.11395222519562	0.0345193479826221	0.137570165500798
Sym_116556_c1_g3	37.8238724794702	-0.0139931933411543	0.290177908676458	-0.0482228071908687	0.961538673820056	0.97096552356339
Sym_116663_c1_g1	35.4942327283887	-0.225105387388377	0.252910445111772	-0.890059670287217	0.37343384667777	0.613782226720377
Sym_117295_c0_g5	108.399284176327	0.364454394653253	0.176679831089815	2.06279569323327	0.0391320434032642	0.148008016759168
Sym_117295_c0_g7	76.7078190007294	0.153666685890788	0.191364353275335	0.803005801554338	0.421971381322146	0.648702272778822
Sym_117309_c3_g2	52.983359922421	0.290473615700802	0.239288173094444	1.21390711435686	0.224783195888503	0.445243638009919
Sym_117444_c0_g1	275.56241626299	0.265446161955724	0.110161655476192	2.40960578168774	0.0159697658024531	0.0759178097378154
Sym_117960_c0_g3	90.6339901057899	0.653159386298047	0.170987057229599	3.81993465985554	0.000133487031022333	0.00152768491058892
Sym_118341_c1_g2	414.703330320908	0.210504297725113	0.150404694446205	1.39958595375096	0.161637342597784	0.359323301170614
Sym_118541_c1_g1	168.505019293908	0.0885153770109685	0.218892286383932	0.404378694531587	0.685934264856674	0.827944093127782
Sym_118811_c2_g1	70.8302468205417	0.178838895500906	0.190902000448135	0.936809960508994	0.348856320810485	0.59228902818923
Sym_118868_c0_g1	54.4802014756697	0.412773697899415	0.212710908960828	1.94053845153484	0.0523142858534286	0.179612381430105
Sym_118905_c5_g3	51.087703671706	-0.0493309608106066	0.219033331802146	-0.225221250139077	0.821807158866143	0.909571869159216
Sym_119017_c0_g5	118.006915982981	0.185356270496434	0.164245412276557	1.12853240725124	0.259095138489351	0.491168084620918
Sym_119054_c0_g1	122.47444580876	-0.166984333866525	0.158509522592683	-1.05346562865891	0.292127639218722	0.524445640905978
Sym_119250_c0_g3	220.627268421175	0.224059176374383	0.156569882696708	1.43104901476108	0.152416168053465	0.351467133794931
Sym_119275_c3_g2	208.563794198624	0.0770399633890901	0.142491762840867	0.540662574826358	0.588740178743775	0.767597954564669
Sym_119480_c3_g1	48.0810449704995	0.178759145427167	0.248721797771177	0.718711214815295	0.472318871897978	0.68519498317594
Sym_119843_c6_g1	45.2746893179423	-0.218155496371074	0.20534077103673	-1.06240711608145	0.288050904661889	0.524445640905978
Sym_119993_c0_g1	32.739675641669	0.171739479079319	0.252245325985021	0.680843057878969	0.495970801662353	0.706244136929342
Sym_120482_c0_g1	857.089959405662	0.219536627126375	0.137638408206636	1.59502445565039	0.110706767101432	0.300073605564407
Sym_120595_c3_g2	117.964378829601	0.619651310110156	0.135839496916748	4.56164314632232	5.07548556147973e-06	0.000104555002566483
Sym_120676_c2_g1	63.9987794409573	-0.342596385942193	0.239218581971596	-1.43214788382481	0.152101503095845	0.351467133794931
Sym_120913_c7_g2	1581.70674347689	0.213259570303628	0.287663782881411	0.741350086435955	0.458481200146742	0.679649301974035
Sym_121225_c2_g1	74.9034734679657	-0.0836548150002754	0.185256402098276	-0.451562343070322	0.651584303345366	0.798966467197294
Sym_121495_c10_g2	59.6760445717592	0.504224960624239	0.250008692948182	2.01682971371218	0.0437132869624781	0.158910654957714
Sym_121495_c10_g3	77.1520552891383	0.603588183651442	0.219606216901731	2.74850226085145	0.00598682220303919	0.0369985612147822
Sym_122621_c3_g1	44.3269155244567	-0.380301462217238	0.244255507593222	-1.55698213712578	0.11947472651165	0.315535816171794
Sym_123848_c1_g2	427.014802446717	0.0530119666741265	0.297648943480779	0.178102317630265	0.858642621928006	0.930949369037733
Sym_123931_c0_g2	43.377710913835	0.286929894174389	0.257146011527669	1.11582478946408	0.264497140502306	0.493593073927875
Sym_123942_c3_g1	136.234621852024	-0.412296219196782	0.190368566117969	-2.16577887623152	0.0303280882752566	0.126640260500734
Sym_124087_c4_g1	155.456561031726	0.242141930455527	0.159500736665137	1.51812421383289	0.128983088058428	0.324541938108253
Sym_125225_c1_g2	290.547260836269	-0.0247750797934528	0.160357810109422	-0.154498741137381	0.877216503729402	0.938829727915183
Sym_125225_c1_g3	70.1848961088374	-0.526436065148812	0.207002183271118	-2.54314257381199	0.0109860391477766	0.0547530015590801
Sym_125797_c5_g1	322.281489510848	-0.0807263058544487	0.106577434817699	-0.757442755049706	0.448784649472643	0.676460764327056
Sym_126375_c0_g3	209.560436230845	0.0687323902220814	0.110621121837542	0.621331524037713	0.534381516233933	0.738917255328544
Sym_126811_c0_g5	206.451436051082	0.332530589307761	0.159653169972775	2.08283111049073	0.0372666207453354	0.145764377345679
Sym_127086_c1_g3	300.048306053955	0.0827646940230005	0.14335656352986	0.577334528570512	0.563713492829793	0.755221024517552
Sym_127107_c0_g1	70.799546891101	-0.0720383541834543	0.233063578288432	-0.309093144078917	0.757250674247792	0.863828279956042
Sym_127689_c0_g1	116.701160735132	0.217763618216361	0.145813620082545	1.49343811705027	0.135322541580851	0.337215043132926
Sym_128149_c1_g1	150.916580085218	-0.735362401707934	0.167789031486873	-4.38266074481434	1.1723860393754e-05	0.000226417053854373
Sym_128463_c0_g2	39.2855155404912	0.569754143605245	0.26982950674779	2.11153387363894	0.0347264495438908	0.137570165500798
Sym_128685_c8_g1	104.772771330543	0.207779731031333	0.149303350214876	1.39166154498408	0.164024912367143	0.359674149451317
Sym_128696_c2_g1	112.934103762461	0.058750608038144	0.163413060069367	0.359522109268408	0.719204541119352	0.841080704512885
Sym_129674_c4_g3	60.1022771636651	0.206351355572556	0.211035079666192	0.977805945338359	0.328170309994697	0.563253994840629
Sym_130013_c0_g1	105.162530596301	-0.446699463941072	0.279186617233788	-1.60000313900079	0.10959788703969	0.299696876949239
Sym_130165_c13_g1	58.3248485489185	-0.322408265994099	0.238985411516804	-1.34907090749943	0.17731419170404	0.370203278625327
Sym_130366_c3_g5	97.7186132494198	-0.25785765828351	0.195917223306227	-1.31615614968403	0.188121638143352	0.384757882187201
Sym_130444_c3_g1	360.583552903527	0.242860166399361	0.109817959772686	2.21147949663299	0.027002650168219	0.115886373638606
Sym_130891_c0_g1	284.106376541102	0.589728330123587	0.123304639602531	4.78269375770902	1.72961532205184e-06	4.11116257318476e-05
Sym_131189_c6_g1	174.245165771249	-0.0931062945842262	0.156854654871318	-0.59358324214611	0.552790892089126	0.74922012652913
Sym_131859_c1_g2	51.7806912888733	0.0638419514354313	0.251492121334964	0.253852689684858	0.799609365858593	0.895214833515599
Sym_132395_c3_g1	36.9158183153813	-0.509093309667121	0.279031843131997	-1.82449896740385	0.0680766723085686	0.214649915748446
Sym_133183_c1_g1	47.302386431876	0.0486115056570251	0.230597821765524	0.210806439041103	0.833038313825431	0.909571869159216
Sym_133411_c1_g2	70.5389974919742	0.238143734755023	0.232646677419728	1.02362835092365	0.306010848973979	0.540327727616912
Sym_133813_c2_g1	365.032527266057	-0.177639578194567	0.128544371541878	-1.38193198242596	0.166992586702469	0.359674149451317
Sym_134154_c0_g2	45.8581115167951	0.709703089199244	0.243486651271653	2.91475152946862	0.00355971827398937	0.0249989306059708
Sym_134172_c0_g1	97.658167692682	0.105796781913787	0.197090691976091	0.536792381482029	0.591411034748619	0.767840377047577
Sym_134584_c0_g1	142.602933635514	0.129133643964901	0.16895340810186	0.764315117497051	0.444679478602847	0.674528704411202
Sym_135168_c1_g4	53.5854323978992	0.226797473656289	0.24903193390546	0.910716429413378	0.362444805213028	0.60538078276122
Sym_135260_c3_g1	76.525715293258	-0.304612354069183	0.197320118609465	-1.54374706550867	0.122649619540697	0.318476743177103
Sym_135943_c0_g1	78.0211133147282	-0.927620909252672	0.237680353043871	-3.90280852991433	9.5082918724904e-05	0.00122419257858314
Sym_136070_c2_g1	154.200545697979	0.0171392964062729	0.152198174593573	0.112611708071015	0.910338402400858	0.959249994937787
Sym_136781_c0_g5	238.569471429856	0.0990255554079405	0.121345680001914	0.816061646416903	0.414464878483299	0.648702272778822
Sym_136909_c0_g1	1167.36765387539	-0.294586501148765	0.0693391836668871	-4.24848528018429	2.15220785322363e-05	0.000391195427438884
Sym_136948_c0_g1	215.389248572242	0.0647076384586729	0.128281166330565	0.504420409555125	0.613965978851918	0.781642128687465
Sym_138988_c3_g1	79.8966252691807	0.085627379320409	0.208200577028147	0.411273496657182	0.68087200119868	0.827944093127782
Sym_139720_c2_g1	95.5754128339845	-0.135590574797094	0.185203397657535	-0.732117102126917	0.464097096169972	0.679649301974035
Sym_139797_c4_g1	57.8690405518987	0.236812677338753	0.218673331089463	1.08295179919251	0.278829818228288	0.512847701384172
Sym_139907_c0_g1	115.212825607308	-0.0636143424502121	0.17834047520211	-0.356701653834439	0.721315167300694	0.841080704512885
Sym_140163_c0_g1	80.8579484994495	-0.0192803381118574	0.197709715410954	-0.0975184151764203	0.922314710732509	0.960313211349407
Sym_140883_c1_g1	133.022526809134	0.250170405070215	0.181295058739956	1.37990746581269	0.167615137608381	0.359674149451317
Sym_141083_c0_g1	200.996901758971	-1.08970566948317	0.160903558381882	-6.77241498225235	1.26650232700852e-11	1.95674609522817e-09
Sym_141362_c0_g3	108.315163373613	-0.219215973311109	0.190518863281986	-1.15062608255566	0.249886097889201	0.479595057439522
Sym_142384_c1_g2	37.9914999732423	-0.390309638761339	0.257116849982955	-1.51802434880178	0.129008260592228	0.324541938108253
Sym_143145_c5_g3	34.2825573028937	0.308880448333551	0.260093346068158	1.18757535708972	0.235000751336675	0.45973308756736
Sym_143244_c1_g1	69.7324589738333	-0.443939982416878	0.163797746734282	-2.71029358625459	0.00672236759286692	0.0407296389450173
Sym_143426_c2_g1	55.4386654523533	0.164995592095695	0.239720076463858	0.688284412926805	0.491273695402148	0.70279431425585
Sym_144233_c1_g1	39.1932470601568	0.105069325574436	0.281286869204652	0.373530857915703	0.708753383228462	0.838780143744333
Sym_144984_c0_g1	136.369881630829	-1.51844278457991	0.187569637197877	-8.09535491598795	5.7097629477107e-16	1.76431675084261e-13
Sym_146541_c1_g1	45.3534648134317	-0.251753802457768	0.250951541385618	-1.00319687644762	0.315765879783653	0.554384413938345
Sym_146798_c0_g2	475.007314672618	-0.155942998374856	0.114736363411794	-1.35914189484261	0.174101629390569	0.368475366312917
Sym_146798_c1_g2	71.2530376567022	0.0970605020708573	0.192813367470684	0.503390938834233	0.614689441006647	0.781642128687465
Sym_147389_c1_g1	136.333229505796	0.370181783736184	0.183290213594269	2.01964838425917	0.0434198725898897	0.158910654957714
Sym_147711_c0_g1	97.4384377024896	-0.528810911811622	0.203623565479742	-2.5970025157242	0.00940412353273161	0.0491327566397215
Sym_148542_c0_g2	253.147360826227	0.0243421142433885	0.146837870288835	0.165775451492907	0.868333665660359	0.938164694716962
Sym_148791_c2_g2	44.6931815673908	-0.775668399899432	0.274860360476211	-2.82204534169839	0.00477184301508014	0.0307187394095784
Sym_148851_c1_g6	66.168063601569	-0.375883092594321	0.198361340503439	-1.89494128059597	0.058100181403613	0.193042538212005
Sym_149385_c2_g1	142.096734353015	-0.331558009636026	0.172519036169393	-1.92186333171069	0.0546229568119677	0.183461887553239
Sym_149661_c2_g2	39.768192007124	0.00608660242730197	0.237492345942654	0.0256286256432519	0.979553553603627	0.984733061918226
Sym_150273_c1_g4	33.707607657797	-0.0570325954241858	0.233422068557546	-0.244332490824986	0.806973321820889	0.900197676688284
Sym_151345_c3_g1	158.363120543273	-0.164334725782471	0.157029017400922	-1.04652457553686	0.295318904587832	0.524445640905978
Sym_152125_c5_g2	839.836622924733	-0.671572656645965	0.111283009802413	-6.03481751471648	1.59142425004842e-09	9.83500186529921e-08
Sym_152309_c0_g2	112.967254086054	-0.577889959820425	0.159588450678174	-3.62112644971908	0.000293323097346762	0.00302122790267165
Sym_152950_c3_g7	67.3683937272694	-0.0852638670168523	0.182838687650877	-0.466333838381406	0.640976561185109	0.792409962237648
Sym_154888_c1_g1	67.9415568198192	-0.645045331088873	0.225563998769392	-2.85969983954905	0.0042404215399902	0.029117561241266
Sym_157791_c0_g1	56.7991664781771	-0.0333730518091437	0.217521950184789	-0.153423835069484	0.878064049732971	0.938829727915183
Sym_158035_c0_g1	47.0238279132702	0.185836334035457	0.218941383635388	0.848794919214261	0.395995417831154	0.637305125572013
Sym_158124_c0_g1	47.9609499612635	0.489080518485725	0.241603283834792	2.02431237987708	0.0429380206431993	0.158910654957714
Sym_17199_c0_g1	42.0119138258964	0.222785706611993	0.228673840384825	0.974250951648323	0.329931951670401	0.563253994840629
Sym_172288_c0_g1	53.3732240235886	0.219805634585658	0.223388091173312	0.983963081609061	0.325133665407912	0.561264260396899
Sym_173215_c0_g1	33.1590258887054	-0.860895475060666	0.275292100546208	-3.12720733124038	0.00176475427103373	0.0147380829662006
Sym_17477_c0_g1	52.1961038207676	-1.0985298884252	0.22648342543851	-4.85037651783243	1.23227330338381e-06	3.1731037562133e-05
Sym_178992_c0_g1	75.0180617198774	-0.0103715978052609	0.211304944376129	-0.0490835547454071	0.96085270902196	0.97096552356339
Sym_188258_c0_g1	93.7520889323722	-0.0234206864595322	0.250643583259473	-0.0934421945096697	0.925552270762721	0.960313211349407
Sym_207498_c0_g1	31.2659616402284	-0.133052728093176	0.268430314209816	-0.495669531531288	0.620127587016029	0.783686185184737
Sym_208475_c0_g1	55.6480335514628	0.268244925169683	0.20433761474766	1.31275353047917	0.18926601324419	0.384757882187201
Sym_209041_c0_g1	77.5429006930033	-0.0907105993617027	0.195711881824974	-0.463490507146754	0.643012817645961	0.792409962237648
Sym_210042_c0_g1	88.5865485235387	0.397907610959112	0.171283138331204	2.32309855386753	0.020173858656504	0.0916723871302901
Sym_21232_c0_g1	125.129156645692	-0.708584269352794	0.151164845985431	-4.6874937405823	2.76571157548992e-06	6.10432054875989e-05
Sym_218000_c0_g1	49.8436248765808	-0.120421414456474	0.252794664745664	-0.476360585290158	0.633817509648606	0.789716171296046
Sym_237228_c0_g1	36.9696860514609	-0.139203197411872	0.243176972502838	-0.572435769633768	0.567026788634537	0.755221024517552
Sym_237540_c0_g1	47.8472742867518	0.110785374914792	0.19711116794713	0.562045144720096	0.574085261196711	0.758086947477708
Sym_242526_c0_g1	50.7627516780561	-1.13587331068721	0.276567386577216	-4.10703996861205	4.00761902309168e-05	0.000589692513397776
Sym_244110_c0_g1	60.4528948362827	0.305104964049279	0.186599215990532	1.63508170401295	0.102031921028261	0.289246455025069
Sym_248486_c0_g1	50.7088114437421	0.76773186469918	0.254539598330863	3.01615885989277	0.00255999099833543	0.0192160462941436
Sym_26664_c0_g1	36.5845263536866	0.273782165713508	0.245707019364555	1.11426269555327	0.265166505734716	0.493593073927875
Sym_271368_c0_g1	61.1070403629072	-0.170513383625575	0.208441872919969	-0.818038051745214	0.413335459790439	0.648702272778822
Sym_278149_c0_g1	85.7813036478508	0.0414095603938883	0.178595556622153	0.231862209660102	0.816645037028514	0.90770977137342
Sym_281979_c0_g1	80.1946425182906	0.129089682009654	0.178315474001817	0.723939875281593	0.469102648060046	0.683739237030916
Sym_289794_c0_g1	57.4565059413502	-0.189220825226666	0.233422833657666	-0.810635456101842	0.417575049106582	0.648702272778822
Sym_294695_c0_g1	40.2758040379527	0.419089821364421	0.291298802564913	1.43869393788885	0.150237257658151	0.351467133794931
Sym_30446_c0_g1	119.668097135331	-0.183750033840569	0.13955048865177	-1.31672798580514	0.187929819329762	0.384757882187201
Sym_310154_c0_g1	74.5393489802501	0.433659419912292	0.17702951827961	2.44964469274184	0.0142997243196363	0.0701367430915497
Sym_311128_c0_g1	57.0799914909119	0.372964300604423	0.221506405171795	1.68376305107367	0.0922274706007113	0.276682411802134
Sym_32537_c0_g1	89.028393842229	0.379887257265234	0.178976288420777	2.12255634876119	0.0337910460950933	0.137387279518208
Sym_34620_c0_g1	51.719975838371	-1.1991480318054	0.309775671848272	-3.87102067974124	0.000108380596142503	0.00133958416832134
Sym_37542_c0_g1	46.7091004970782	-0.891402555802715	0.241853500254496	-3.68571285867153	0.000228063373916458	0.00251684223357806
Sym_37619_c0_g1	50.311403467973	-1.442779012421	0.276354835094788	-5.22074821642306	1.78201683540283e-07	6.11825780154972e-06
Sym_39803_c0_g1	56.301379670111	0.587009841654768	0.220041832927837	2.66771928702884	0.0076368034858785	0.0436994866136381
Sym_39928_c0_g1	51.1220491611394	0.423458321250565	0.241590508038654	1.75279370323114	0.0796374243923624	0.241254550365098
Sym_40740_c0_g1	49.8791708399276	-0.683394312749536	0.212775027820499	-3.21181634776267	0.00131898663839418	0.0118192371958953
Sym_45312_c0_g1	52.2238249182802	0.221832065958736	0.223466734367212	0.992684958622117	0.320863507283882	0.560151546614235
Sym_47830_c0_g1	30.1170096078114	-0.189084701563177	0.264719910001028	-0.714282131489253	0.475052739051987	0.685940637229271
Sym_55311_c0_g1	40.3395720556636	0.141715883764275	0.22879673676055	0.619396437950904	0.535655227163734	0.738917255328544
Sym_57158_c0_g1	49.351922260961	0.953922466983777	0.235137298769959	4.05687431119563	4.97338284886854e-05	0.000698534227409263
Sym_62856_c0_g1	56.8839045763937	-0.36275308422622	0.245158861345119	-1.47966539832945	0.138962564129869	0.340415846286176
Sym_65138_c0_g1	107.072627362717	-0.296017697920193	0.203765012102103	-1.45274056064082	0.14629580078382	0.350429476296126
Sym_67222_c0_g1	90.5795880507435	-0.477130178686926	0.17656690549137	-2.70226279018209	0.00688693064040395	0.040924260920862
Sym_67337_c0_g1	39.2054703801275	-0.12679648767361	0.251129418434318	-0.504904954840142	0.613625593854223	0.781642128687465
Sym_73573_c0_g1	79.5132308330967	0.303305770335728	0.173031227413226	1.75289613828715	0.0796198366010142	0.241254550365098
Sym_74166_c0_g2	121.810950854036	-0.408229994343805	0.143226860624617	-2.85023348667631	0.0043687145785419	0.0293463653210749
Sym_75131_c0_g1	47.0158826845469	0.385848747693573	0.23158937128057	1.66609005223352	0.0956954795892186	0.281872523862481
Sym_75561_c0_g1	56.329331696281	-0.324788544518027	0.234032810947705	-1.38779064013636	0.165200805783639	0.359674149451317
Sym_76402_c0_g1	52.0915062284509	-0.147153920644228	0.236798663967426	-0.621430535876969	0.534316385868306	0.738917255328544
Sym_76645_c0_g1	343.413538300962	0.829865126046275	0.138557771510575	5.98930768732043	2.10736151676331e-09	1.08529118113311e-07
Sym_78927_c0_g1	31.0237014751322	0.298419801743961	0.284569744077457	1.04867016945672	0.294329948215869	0.524445640905978
Sym_79288_c0_g1	160.433372018543	0.462107927464599	0.215926404844036	2.14011773038309	0.0323452535491898	0.133262444622662
Sym_79448_c0_g1	51.2049170591104	-0.311073844408402	0.215693126577463	-1.44220564347322	0.149244369011093	0.351467133794931
Sym_80461_c0_g1	126.67098470024	-0.0864701242363165	0.463842938481	-0.186421128926723	0.852114524361371	0.92712460573121
Sym_82427_c0_g1	51.5981026939678	0.412546121655155	0.208434645185488	1.97925887650792	0.0477868670995011	0.16779706742893
Sym_83072_c0_g2	55.3080091434949	-0.135849694012235	0.246347992666295	-0.551454438665785	0.581322191219302	0.761137953757476
Sym_84255_c0_g2	122.752572764221	-0.134726432902314	0.16047452144937	-0.839550301726996	0.401160574396115	0.638961945816493
Sym_84416_c0_g1	179.154408929714	0.0127610323525229	0.203552719808986	0.0626915344805898	0.950012138640401	0.96733012556293
Sym_84654_c0_g1	62.2072490213569	-0.562806060581156	0.220231240689517	-2.55552327099043	0.0106028271124485	0.0537094029138785
Sym_85001_c0_g1	60.8395130277681	-0.0822879540282163	0.206527511766452	-0.398435798332138	0.690308974342451	0.829982385493453
Sym_87251_c0_g1	51.9081088911574	-0.269791521410609	0.195050975206618	-1.38318468351578	0.166608244885214	0.359674149451317
Sym_89597_c0_g2	54.9666669179655	0.214955983918358	0.234608118817112	0.916234207930062	0.359544067190705	0.603799547619173
Sym_89735_c0_g1	31.4203815574178	-1.46606752156877	0.350342369793863	-4.18467090472496	2.85579524751459e-05	0.000490244850823338
Sym_89763_c0_g1	67.9900319202204	0.37846578953002	0.207251070851238	1.82612223896145	0.0678318510527641	0.214649915748446
Sym_90318_c0_g1	36.9828970679839	0.316258593517919	0.266347728985068	1.18738986333031	0.235073876490754	0.45973308756736
Sym_91477_c0_g1	54.6813818780271	-0.31961328905052	0.217117149295124	-1.47207758617019	0.140999927364466	0.340415846286176
Sym_92614_c0_g2	77.9444873946484	-0.0600938397360178	0.158555336541835	-0.379008622772921	0.704681460672657	0.838687125191623
Sym_92829_c0_g1	39.7126944097803	0.0826715098636111	0.266164793678107	0.310602723677993	0.756102656346415	0.863828279956042
Sym_92876_c0_g1	303.537126201096	-0.229572744386633	0.117042569931499	-1.96144654479985	0.0498269549235864	0.172994708667283
Sym_93418_c0_g1	62.8867095854998	0.438435948594068	0.21270176614876	2.06127084195171	0.0392772083309119	0.148008016759168
Sym_94487_c0_g1	60.9952604987498	0.0628499960011921	0.23554342052621	0.266829766931225	0.789600234213517	0.887223535898097
Sym_94893_c0_g4	50.7255585743587	0.287295600451583	0.249530995641087	1.15134234011079	0.249591424925704	0.479595057439522
Sym_94934_c0_g1	119.882110989594	0.111380135763463	0.168426023985807	0.66130003622747	0.508419918248638	0.717359610679585
Sym_96651_c0_g1	43.0936486134703	0.55928156051473	0.271099662291156	2.06301090819535	0.0391115918058656	0.148008016759168
Sym_96774_c0_g1	93.8342678164676	0.130000582645803	0.200128815530315	0.649584530350208	0.515960628271021	0.724569788361443
Sym_97411_c1_g3	70.5726097784929	0.158379244108552	0.259835954898829	0.609535520864383	0.542169535764271	0.743706810566246
Sym_98005_c2_g1	59.2382916982649	0.555649793286064	0.228321923688405	2.43362435069691	0.0149484997981183	0.0721732255877898
Sym_98024_c0_g2	48.5844976654486	0.181426197123918	0.225109287801902	0.805947186344327	0.420273302015068	0.648702272778822
Sym_98887_c0_g1	148.341648344243	-0.0767812193250752	0.158389969997674	-0.484760615373581	0.627846163257014	0.785443175896427
Sym_99526_c0_g1	243.129147453339	0.0291409556193569	0.136182525539679	0.213984543933768	0.830559110183378	0.909571869159216
