baseMean	log2FoldChange	lfcSE	stat	pvalue	padj
Sym_100100_c0_g2	93.2329504982186	-0.128280436202348	0.183417983796644	-0.699388541663244	0.484309246697622	0.715900849690306
Sym_100230_c0_g1	67.8357565532614	-0.132161931641495	0.189068802651912	-0.699015013517665	0.484542648266	0.715900849690306
Sym_100246_c0_g3	80.4971597622086	0.229035331530857	0.249722840228515	0.917158123467088	0.359059787134019	0.628240731442687
Sym_100437_c0_g1	99.6229742577636	0.254002092096942	0.166893499599855	1.52194119427023	0.128023816061927	0.389757855533479
Sym_100629_c0_g1	163.935505774579	-0.0853504370906978	0.173014981676652	-0.49331240718916	0.621791863009384	0.829055817345846
Sym_100793_c2_g1	111.49258317171	-0.0434166199402624	0.172040742466356	-0.252362430653616	0.800760936509062	0.940711080927579
Sym_100802_c0_g1	129.942710782282	0.0314917627650722	0.159330543295551	0.197650507640939	0.843318514861492	0.941836238554446
Sym_101037_c0_g1	139.6079037188	-0.00657762953142756	0.168378450200886	-0.0390645567979751	0.968838918965047	0.977782047447802
Sym_101057_c0_g1	182.900073397834	-0.309276166826377	0.173558341156915	-1.78197236021494	0.074753739165282	0.28920400089786
Sym_101138_c0_g1	94.8584293652267	-0.378214026255471	0.207310899894559	-1.82438080413444	0.0680945219872585	0.275740780392849
Sym_101210_c1_g3	60.3748020175554	0.265663167492237	0.197382219498559	1.34593261828317	0.178324248231914	0.449925795538984
Sym_101261_c1_g1	77.9634910322496	0.0164975883987016	0.17864730159222	0.0923472577064661	0.926422142532198	0.961602730223294
Sym_101299_c0_g1	53.9562309420764	-0.11083865548598	0.234989641190507	-0.471674644569216	0.6371590379518	0.835952657792761
Sym_101312_c0_g2	33.0047376151922	-0.137970051943489	0.320163539425663	-0.430936177776495	0.666514777163318	NA
Sym_101326_c0_g1	177.377643802594	-0.227972779152965	0.152176501244831	-1.49808135479595	0.134112114716382	0.389757855533479
Sym_101441_c0_g1	121.549910983317	0.287405986545688	0.176052258602123	1.63250383055422	0.102573392187196	0.36176422190753
Sym_101501_c0_g1	143.769621595104	-0.396674770072684	0.148319834862727	-2.67445531098261	0.00748507514693581	0.0598806011754865
Sym_101501_c0_g2	76.0384064816429	0.0870450300029185	0.213762810483605	0.407203805966027	0.683858306491453	0.872784142136952
Sym_101543_c0_g2	265.168668159089	-0.0978540596913915	0.116152167337476	-0.842464345990891	0.399528088762105	0.665204127482083
Sym_101543_c0_g3	232.021026486151	0.213790217442117	0.142472695980485	1.50056974756343	0.133466880923135	0.389757855533479
Sym_101592_c0_g2	200.009298193438	0.0222296556495488	0.142294172887063	0.156223232466393	0.875857064703649	0.945003675074989
Sym_101592_c0_g3	114.634548431731	-0.204475961557869	0.192825753596123	-1.06041831936074	0.288954331618125	0.583603345644178
Sym_101757_c0_g1	135.173528780022	-0.360536034082688	0.158421328887309	-2.2758048844493	0.0228576902762038	0.129264179493014
Sym_101806_c0_g1	98.6780978468885	0.00891970992526185	0.198125544264484	0.0450204942445718	0.964090973469989	0.977084280109806
Sym_101851_c0_g1	310.535174587048	-0.220123683461349	0.146643437415573	-1.50108103942995	0.133334602254326	0.389757855533479
Sym_101880_c0_g1	136.772060108773	0.124999785029579	0.155661249184343	0.803024424412447	0.421960617596243	0.680238116676775
Sym_101976_c0_g1	121.801089413177	0.0304089776024353	0.176154338712128	0.172626901072983	0.862944705340186	0.944071956348477
Sym_102324_c0_g5	59.4962403015031	0.304644723918135	0.204746238782993	1.48791365218202	0.136773666832742	0.389757855533479
Sym_102382_c3_g3	586.552700350433	0.253789603308127	0.0878852607174424	2.88773795783663	0.00388022981768764	0.0383231409018855
Sym_102395_c0_g1	159.745404305108	0.888204271271896	0.145909504068932	6.08736406130392	1.14784761884818e-09	1.65702590379911e-07
Sym_102471_c7_g1	197.904306614218	-0.0189668360948628	0.193762155889578	-0.0978872061357103	0.922021859219311	0.961602730223294
Sym_102539_c1_g2	59.7282996185038	-0.135015673814755	0.22206214865629	-0.608008499565289	0.543181836686312	0.764650825893177
Sym_102539_c1_g5	232.502677908044	-0.0940953682531885	0.140953575853811	-0.667562831827543	0.504412689824889	0.738604295815016
Sym_102539_c1_g9	70.1195224480398	-0.525898403952082	0.23576192278147	-2.23063333445724	0.0257054268499493	0.138219344373498
Sym_102636_c0_g1	272.764086491909	-0.440017500958022	0.105785032683305	-4.15954402807938	3.18883550004937e-05	0.000871615036680161
Sym_102664_c0_g1	116.673973737922	-0.019405958113456	0.207151322605066	-0.093680107225062	0.92536327290789	0.961602730223294
Sym_102695_c0_g1	84.2386617212152	-0.708771577385955	0.222070919473723	-3.19164516932538	0.00141465002151555	0.0171853780391518
Sym_102774_c0_g1	262.926611364385	0.0729789128417512	0.140646421359668	0.518882116844808	0.603842949253935	0.818507311270752
Sym_102797_c0_g2	70.8901840916926	-1.2974368848786	0.227857576117534	-5.69406954548378	1.24046518136325e-08	1.01718144871787e-06
Sym_102806_c2_g3	63.313994813787	-0.626392574279431	0.202826204948601	-3.08832172074692	0.00201290427550617	0.0235797357987865
Sym_102806_c2_g4	124.219443314987	-0.242424766517634	0.201647146635132	-1.20222264764443	0.229277276947385	0.51626551439229
Sym_102873_c0_g2	48.4830120547612	-0.240966537352161	0.260899236067537	-0.923600011192766	0.355694608015834	0.628240731442687
Sym_102902_c2_g1	96.6838810009363	-1.24924533306799	0.243342830144036	-5.13368457303037	2.84124123360385e-07	1.16490890577758e-05
Sym_103005_c0_g1	193.308695119787	-0.295871824910271	0.156504467120803	-1.89050082948681	0.0586910097471147	0.253298042066495
Sym_103012_c3_g1	47.2661350433395	0.25442109508914	0.262586238255023	0.96890490826883	0.332592636317226	0.624312132771486
Sym_103171_c0_g1	168.869127111031	0.0849046817738578	0.160691298384638	0.528371371862502	0.597241603382375	0.818507311270752
Sym_103259_c1_g1	53.177275508399	0.0664064258695429	0.222544512636454	0.298396150427774	0.765400826830974	0.916246245257517
Sym_103259_c1_g2	45.4687641105519	0.80825902704697	0.274185610083566	2.94785356095322	0.00319988605089299	0.0349854208230967
Sym_103259_c1_g4	184.214780546685	0.142460911891491	0.148362081271831	0.960224544373117	0.336942216472543	0.624312132771486
Sym_103259_c2_g1	65.1618445036304	-0.496511335241526	0.215920491415174	-2.29951002791499	0.0214759946048638	0.125787968399916
Sym_103301_c0_g1	242.007899298089	-0.153673509535276	0.159444531180698	-0.963805458847118	0.335143469343141	0.624312132771486
Sym_103490_c0_g1	86.1327030015036	0.247802922456808	0.220186751281666	1.12542158424335	0.260410428926148	0.565583914317248
Sym_103496_c0_g1	109.876429071691	0.191293572942059	0.174738633157309	1.09474115417766	0.273630053387616	0.582796477345052
Sym_103660_c1_g1	113.512875576311	-0.573213549934957	0.188669176882794	-3.0381939403438	0.00238000728788585	0.0269187031181572
Sym_103755_c0_g1	147.431343721878	0.0252332059778772	0.149676188986981	0.168585305041885	0.866122839989837	0.944071956348477
Sym_103763_c6_g1	100.582581929464	0.0405417202602577	0.176809116795941	0.229296548701432	0.818638435769043	0.940711080927579
Sym_103763_c6_g2	73.9752352163565	0.223131385752183	0.239471314979043	0.931766653437009	0.351457131563116	0.628240731442687
Sym_103894_c0_g1	70.7994010278732	-0.910298742289527	0.243627837927083	-3.73643155903217	0.000186650221162246	0.00295944179173037
Sym_103894_c0_g2	51.1413442280298	-0.0688574259716272	0.229255608388033	-0.300352198385832	0.763908521473813	0.916246245257517
Sym_103894_c0_g4	40.7120237859022	-0.0606630676948189	0.276333772183644	-0.219528243744684	0.826238581074686	0.940711080927579
Sym_104048_c2_g7	60.3798140691855	0.117645301196757	0.266271916812366	0.441823916713146	0.658616630252287	0.85385871431917
Sym_104174_c0_g1	75.6166035544975	0.130645177977595	0.200391565803108	0.651949484271	0.5144337608458	0.74332279100186
Sym_104246_c3_g2	51.0335681674759	0.286364132752826	0.2354353135519	1.21631767313317	0.22386393169993	0.513066729430091
Sym_104246_c5_g1	86.7450183138005	0.487847552905289	0.197045165226154	2.47581589908778	0.013293210451191	0.0854935887841306
Sym_104246_c5_g4	52.1071244415124	-0.208107996248199	0.230782271353379	-0.901750359885917	0.367189494587313	0.637238911241475
Sym_104264_c2_g1	41.0144510681949	0.0178221433453477	0.304161613271724	0.0585943214649714	0.953275233728155	0.976708600780661
Sym_104397_c2_g9	137.857904220781	0.27010883839102	0.180859015840237	1.49347732064197	0.135312286543478	0.389757855533479
Sym_104594_c0_g1	92.4371174197166	-0.263143432740218	0.184264654160792	-1.42807329999705	0.153270761647235	0.407248787336285
Sym_104762_c1_g5	39.6200802769532	-0.282934950500179	0.294631310150011	-0.960301708450889	0.336903390475612	NA
Sym_104781_c1_g2	81.3001414535714	0.583844987270245	0.269485544789276	2.16651690066263	0.0302717098067033	0.152755704870749
Sym_104866_c10_g1	93.1879377356565	-0.622329679763889	0.235406518574106	-2.64363826258268	0.00820202598001741	0.0625642911964119
Sym_105077_c3_g2	75.9128525485591	-0.3816156871173	0.25250599538504	-1.51131337113554	0.130708628835982	0.389757855533479
Sym_105147_c1_g1	49.917149190829	0.300867497657707	0.277954311892776	1.08243507938013	0.279059247979144	0.583603345644178
Sym_105147_c1_g2	34.7146896777423	0.0554725358129092	0.363026098241889	0.152805916934234	0.878551331498933	NA
Sym_105388_c1_g2	42.8268076372011	0.05205087434421	0.273582062178782	0.190256897435752	0.849107827546896	0.941836238554446
Sym_105558_c0_g1	57.0476533392345	0.2568273667023	0.200346534519852	1.28191569331513	0.199872222186129	0.483432447240485
Sym_105819_c0_g1	69.2621068754184	-0.0254359200671244	0.19771405063307	-0.128650037696764	0.897634570902438	0.952828929631067
Sym_105943_c4_g1	59.1766380331378	0.211395618616631	0.227672918985149	0.928505768533762	0.353145276918331	0.628240731442687
Sym_106497_c4_g4	86.8595192610866	0.279198188039373	0.235274015019073	1.18669368572955	0.235348466571376	0.524237060241454
Sym_106752_c2_g1	142.126260336363	0.0685078892451024	0.144039822309286	0.475617701735291	0.634346761869712	0.835952657792761
Sym_106752_c4_g4	73.7294782359976	0.2132076497475	0.201021254265413	1.06062242287075	0.288861528133775	0.583603345644178
Sym_106900_c1_g4	41.4020867770919	0.102290671369721	0.235712357769544	0.433963973453316	0.664314602701105	0.856264708687957
Sym_106992_c0_g1	114.365444572509	-0.0172492480829483	0.165764994910778	-0.10405844787817	0.9171229655722	0.961602730223294
Sym_107127_c2_g8	55.8703779246841	0.526437853954396	0.27327505899797	1.92640285536745	0.0540540911843428	0.236396558779526
Sym_107242_c3_g1	60.7031058589942	0.25719856175482	0.230176328672504	1.11739796719394	0.26382420393457	0.565583914317248
Sym_107300_c1_g1	41.2676388379361	-0.114781945983109	0.265658493233802	-0.432065787115985	0.665693599742162	0.856264708687957
Sym_107369_c2_g3	136.657756772162	-0.424291956177226	0.170233300991954	-2.49241454935588	0.0126877856005101	0.0832318735393461
Sym_107499_c4_g1	67.4262758286162	0.183061085574432	0.22953779107648	0.79752046369322	0.425148822922984	0.680238116676775
Sym_107578_c2_g1	57.787679025716	0.870139709808002	0.245041945228274	3.55098270623588	0.000383795634475099	0.00547325948294924
Sym_107578_c2_g2	189.365189536071	0.314749044039677	0.139356723383874	2.25858527953952	0.0239091943412171	0.132918910913885
Sym_107647_c1_g2	62.0383348200576	0.0201035326431944	0.209209024934254	0.0960930468917971	0.923446673529502	0.961602730223294
Sym_107783_c2_g1	53.9858241169658	0.0547533812364943	0.261717232122976	0.209208162536148	0.834285740634306	0.940711080927579
Sym_107887_c2_g1	61.2826771859433	-0.272325407988103	0.270665915877089	-1.00613114549587	0.314352488278682	0.61570696098575
Sym_108316_c1_g1	146.443418572611	-0.758328640754034	0.186819119468688	-4.05915969902178	4.92496240064372e-05	0.00108744899703395
Sym_108329_c1_g2	49.7144341890771	-0.620686501995445	0.243801611158265	-2.54586710500664	0.010900667883923	0.076072746083548
Sym_108395_c0_g2	167.721487529517	-0.238440044113846	0.148379803837413	-1.60695753699147	0.108063683345962	0.373104085657637
Sym_108429_c4_g2	255.463536947024	0.521632246131934	0.156988804054661	3.3227353330898	0.00089139446121711	0.0112452839722774
Sym_108429_c4_g6	36.6687316701443	0.246683147671343	0.258541504821358	0.954133642262939	0.340015998732993	NA
Sym_108771_c2_g1	116.873057211098	-0.105365747062663	0.159160561367576	-0.662009144459627	0.50796536120847	0.74050061545057
Sym_109060_c7_g1	61.2226061686526	-0.0468240805236554	0.221433364597182	-0.211459012099802	0.832529112628759	0.940711080927579
Sym_109253_c1_g1	76.5620919579518	-0.288026499584871	0.216194723559537	-1.33225499143855	0.182776411660268	0.457638649042503
Sym_109253_c1_g2	140.534231732315	-0.255979487642462	0.161409436154913	-1.58590162843258	0.112761626374701	0.38221467476475
Sym_109253_c1_g3	38.8533977882545	-0.522090539307513	0.261154103878133	-1.99916651338991	0.0455903404379751	NA
Sym_109358_c2_g1	50.7822678973861	-0.231158533121414	0.242015371983922	-0.95513987903533	0.339506964304154	0.624312132771486
Sym_109489_c3_g1	112.081581312002	-0.0309381223910736	0.187927743109838	-0.164627754684369	0.869236984198903	0.944071956348477
Sym_109725_c2_g2	50.1390678357272	-0.497090098014685	0.285353151622409	-1.74201719934902	0.0815054347332834	0.31046752305438
Sym_109973_c6_g1	53.2899908744277	0.0135472136041729	0.244780869727637	0.0553442498151371	0.955864209910342	0.976708600780661
Sym_110125_c3_g1	78.378399720645	-0.207429490739151	0.180164859785278	-1.15133156924367	0.249595854330668	0.54944590751986
Sym_110573_c2_g1	108.359389900697	-0.392229990672591	0.177962880908109	-2.20399888263845	0.0275244226676749	0.145613074758022
Sym_110573_c2_g2	35.597258099939	0.410778703605373	0.29456837131329	1.39451055717209	0.163163483740182	NA
Sym_110573_c3_g1	78.6294640174145	0.22189127471646	0.210487589568341	1.05417747037488	0.291801672822089	0.583603345644178
Sym_110573_c3_g4	63.0849302615283	0.0517884152688326	0.273711418850224	0.189208091815751	0.84992972586299	0.941836238554446
Sym_110707_c7_g1	472.238103561732	-0.253713325816403	0.267342375244261	-0.949020242618083	0.34261031676484	0.624312132771486
Sym_110716_c0_g1	116.01672218978	-0.193980252147436	0.210650380802962	-0.920863524708656	0.35712168413088	0.628240731442687
Sym_110740_c0_g1	97.657249982795	0.364957773898065	0.179992907237749	2.02762308525858	0.0425987310532509	0.196794137823469
Sym_111127_c1_g1	79.5978627509534	-0.0350281063406274	0.185155100251406	-0.189182508572899	0.849949776256451	0.941836238554446
Sym_111127_c1_g2	121.118581050084	-0.221009369789739	0.193777088000316	-1.14053406452975	0.254063869251168	0.555552994095887
Sym_111423_c4_g1	58.4338743386839	0.212403952597776	0.240881339760673	0.881778359456192	0.377896676485659	0.645573488996334
Sym_111553_c2_g1	48.6952195618955	-0.344481025107213	0.268823041627131	-1.28144158708324	0.200038604793433	0.483432447240485
Sym_111600_c1_g1	40.6457527913602	-0.318720489594656	0.269265956080514	-1.18366426351853	0.236545990596754	0.524237060241454
Sym_111787_c1_g1	920.352379670972	-0.701398977343669	0.125946310140089	-5.5690315703851	2.56159074292e-08	1.68040352735552e-06
Sym_112013_c3_g1	228.134988194219	0.321786381538539	0.117831367750028	2.7309059351767	0.00631604960336279	0.0517916067475749
Sym_112123_c0_g2	39.7530351511505	0.377220087248712	0.292869423253576	1.28801458021141	0.197740887847435	0.483432447240485
Sym_112389_c0_g1	42.6802998490312	-0.25926849196352	0.241008526247207	-1.07576481214438	0.282032453082188	0.583603345644178
Sym_112403_c2_g7	32.8753387748961	1.01385560959287	0.293174959166939	3.45819306148711	0.000543811536355618	NA
Sym_112513_c2_g1	69.3196067802546	-0.34973163565996	0.22180498831421	-1.57675279676095	0.11485241680134	0.38221467476475
Sym_112519_c1_g6	39.5649448473816	0.00435329291271137	0.261269896308287	0.0166620532033077	0.986706220112746	NA
Sym_113175_c1_g1	106.126480914002	-0.72361611071179	0.184280695406099	-3.92670599119002	8.61171415312249e-05	0.00166155426013187
Sym_113215_c4_g5	79.1093881125158	-0.577301108108824	0.226466963119241	-2.54916258052553	0.0107981947202681	0.076072746083548
Sym_113244_c2_g3	49.1431226222698	1.0915980420276	0.292445929823519	3.73264911803128	0.000189476456177859	0.00295944179173037
Sym_113270_c1_g1	268.494923629562	-0.0675744437228399	0.149976008719452	-0.450568356231202	0.652300677509437	0.852408853478467
Sym_113516_c10_g2	44.4855037514163	-0.253785993429735	0.28328146519939	-0.895879274173854	0.370317244630285	0.63928450651965
Sym_113535_c0_g1	39.5397871095207	0.207403727550848	0.250817534401859	0.826910798104517	0.408287622622249	NA
Sym_113535_c0_g2	45.6221100289398	-0.301758927425629	0.269088808897597	-1.12141017183834	0.262113308364601	0.565583914317248
Sym_113653_c1_g2	45.331448996082	0.10520851020585	0.286282741779777	0.367498611868058	0.713247127084266	0.889524934158324
Sym_113764_c0_g1	305.41443216908	0.0260809484273512	0.152862872009182	0.170616632309411	0.864525218999257	0.944071956348477
Sym_113783_c0_g1	288.127506841961	0.107433299318476	0.120575978072411	0.891000853038555	0.37292871259893	0.640422082368844
Sym_114475_c0_g3	217.255890999722	-0.179590773630905	0.149550386972962	-1.20087134019503	0.229801113113641	0.51626551439229
Sym_114698_c0_g1	298.626936021455	-0.384829777190496	0.133605881701914	-2.88033559816688	0.00397252070324423	0.0383231409018855
Sym_114890_c0_g1	97.1823231032446	0.169808664977805	0.210799659144661	0.805545254042723	0.420505102918829	0.680238116676775
Sym_114907_c1_g1	136.165215947352	0.00104188099365458	0.189070749635616	0.00551053505453664	0.995603251410176	0.997149056235908
Sym_114907_c2_g1	124.330177177454	-0.23403523055612	0.157163730661933	-1.48911730187636	0.136456482470225	0.389757855533479
Sym_114907_c3_g1	130.134358221509	-0.0922166480707191	0.175530686437655	-0.525359126328447	0.599333561873124	0.818507311270752
Sym_114907_c3_g2	191.03758037395	-0.514746532502383	0.199808289951649	-2.57620208164008	0.00998922462359522	0.0728103483675385
Sym_114970_c0_g2	72.6864419635052	-0.507926501600207	0.201434052429748	-2.52155231686734	0.0116838299898381	0.0782101272789161
Sym_115069_c1_g1	41.5464029314964	-0.200520924087509	0.266745467395692	-0.751731326666014	0.452212647441171	0.69659945326384
Sym_115147_c3_g1	67.7716355076396	-0.165192440145821	0.228258930773514	-0.723706360956062	0.469246027152629	0.709275100949596
Sym_115306_c0_g1	53.4207002104127	0.056307430692576	0.230586211333201	0.244192531578615	0.807081710954688	0.940711080927579
Sym_116433_c1_g2	76.9875475598863	-0.420922046589986	0.183973440220369	-2.28795007630337	0.0221404286071723	0.127404571634255
Sym_116556_c1_g3	38.695738717137	0.0108826199558713	0.307428626555379	0.0353988503862082	0.971761701397787	NA
Sym_117295_c0_g5	107.014957421138	0.316901656142672	0.170230536329761	1.8616028767529	0.0626590875081637	0.263489496188176
Sym_117295_c0_g7	77.036224345626	0.099353193183063	0.184389748801357	0.538821674355096	0.59000990661797	0.813122896515522
Sym_117309_c3_g2	54.0050166923125	0.199636654911578	0.254364714656669	0.784844136817637	0.432544958580825	0.685385248379278
Sym_117444_c0_g1	275.770126488018	0.205221229141702	0.132661942560672	1.54694877204776	0.121875599020354	0.389757855533479
Sym_117760_c6_g1	43.670348211768	-0.200745071480658	0.26545547717317	-0.756228779373432	0.449512040623661	0.69659945326384
Sym_117960_c0_g2	49.4965045173528	-0.318686392528594	0.262793209520423	-1.21268884043911	0.225248808042479	0.513066729430091
Sym_117960_c0_g3	92.5353195141153	0.631233303581423	0.16428243131182	3.84236645720987	0.000121853717399634	0.00222044551706
Sym_118341_c1_g2	333.476202634697	0.135008925389883	0.169277180460199	0.797561283941792	0.42512512585868	0.680238116676775
Sym_118541_c1_g1	120.351824794728	-0.128194249902619	0.205537269420597	-0.623703186599656	0.532822529957689	0.759851260113574
Sym_118811_c2_g1	71.0605517993006	0.142114613205995	0.193625835476601	0.733965138774927	0.462969985145398	0.706298395942748
Sym_118868_c0_g1	55.1541702237404	0.397924150089234	0.223218666131274	1.78266520889976	0.0746408179694594	0.28920400089786
Sym_118905_c5_g3	52.3422831974631	-0.0344185972269593	0.227322091022656	-0.151408941700826	0.879653136323224	0.945987635127926
Sym_119017_c0_g5	118.881054181901	0.0717730879950442	0.185426044410794	0.387071234912598	0.698703472212559	0.882038298113627
Sym_119054_c0_g1	123.350005358017	-0.272219093067546	0.189668187067592	-1.4352385462014	0.151219132928939	0.407248787336285
Sym_119250_c0_g3	221.170967861663	0.190797134007579	0.156578966103702	1.218536172229	0.223020287574408	0.513066729430091
Sym_119275_c3_g2	197.608501879919	0.0216407412423318	0.128898541143911	0.167889729784999	0.866670029889318	0.944071956348477
Sym_119480_c3_g1	49.8628586971661	0.122841900519287	0.257865068799618	0.47638053921427	0.63380329646421	0.835952657792761
Sym_119843_c6_g1	40.6559090912376	-0.371163176646845	0.258806071538369	-1.43413627988174	0.15153337648587	0.407248787336285
Sym_119993_c5_g1	46.8682974243926	-0.147983991808792	0.311676981318618	-0.474799233433003	0.634930079437589	0.835952657792761
Sym_120482_c0_g1	789.569721976923	0.230341588267292	0.125139796068689	1.84067415405454	0.0656693236862248	0.26947408516658
Sym_120595_c3_g2	118.289482818117	0.567763926326684	0.162173402293863	3.50096821239453	0.000463571133991446	0.00633547216454976
Sym_120676_c2_g1	61.2962872784199	-0.350902940922463	0.232138389278124	-1.51161099210544	0.130632853682175	0.389757855533479
Sym_120913_c7_g2	107.964274861697	0.171706548548182	0.330967274514434	0.518802195171998	0.603898686974152	0.818507311270752
Sym_120986_c2_g1	51.0921551796066	0.146808138823932	0.257887463367913	0.569272103834258	0.569171495054928	0.790226281122221
Sym_121225_c2_g1	75.1088518400863	-0.107354219166681	0.184824158875093	-0.580845165589164	0.561344811762964	0.783494035141499
Sym_121495_c10_g2	61.2252081817335	0.432270722899851	0.257540427396841	1.67845773678774	0.0932577744152672	0.332484239219648
Sym_121495_c10_g3	78.8511236780886	0.616975868047698	0.215877126577689	2.85799555436301	0.00426326364386962	0.0399528707196925
Sym_122621_c3_g1	45.8444629303247	-0.390709795808686	0.248937240920402	-1.56951123248617	0.116528864257546	0.38221467476475
Sym_122968_c2_g6	51.0744842677102	0.549122219307723	0.217215731266438	2.52800391622726	0.0114713072398849	0.0782101272789161
Sym_123848_c1_g2	95.4733908886368	0.0754123642499842	0.310710185505703	0.242709662469691	0.808230321673069	0.940711080927579
Sym_123931_c0_g2	43.4309879539772	0.278080449521697	0.281294003999825	0.988575815934811	0.322870723443747	0.61570696098575
Sym_123942_c3_g1	132.495962568442	-0.429488385627082	0.166029324067146	-2.58682246669503	0.00968654859894807	0.072208816828522
Sym_124087_c4_g1	143.074215871952	0.111242436628904	0.16256923222211	0.684277308248087	0.493800073105185	0.726306833984308
Sym_124628_c1_g1	39.2954437930849	-0.0331814009122123	0.30702398837028	-0.108074294417003	0.913936758784082	NA
Sym_125225_c1_g2	275.527127471021	-0.0677268052446838	0.16368311269744	-0.413767823256596	0.67904415089753	0.870025318337461
Sym_125225_c1_g3	71.4648891679688	-0.553430403938521	0.227539236784799	-2.43224162899844	0.0150056930921199	0.0946512948887564
Sym_125797_c5_g1	313.73912959135	-0.100573534086965	0.123202872147954	-0.816324589951012	0.414314513982275	0.680238116676775
Sym_126375_c0_g3	210.022607165114	0.0385911289393515	0.125281472966433	0.308035402406957	0.758055393986423	0.914125622160099
Sym_126811_c0_g5	205.573793660465	0.185274380854061	0.174315534305172	1.06286787114282	0.287841875032645	0.583603345644178
Sym_127086_c1_g3	300.587405213104	0.0350648271264969	0.156573051856682	0.223951865986448	0.82279475729364	0.940711080927579
Sym_127107_c0_g1	66.2053809483281	-0.0980070509325381	0.261083381426234	-0.375386018049674	0.707373401883274	0.886245107398071
Sym_127689_c0_g1	117.717246261137	0.192261915354559	0.154349237722848	1.24562918606562	0.212900562181812	0.496519920237519
Sym_128149_c1_g1	151.294106749759	-0.724553452720709	0.18246186311372	-3.97098571918631	7.15758701640658e-05	0.00146730533836335
Sym_128217_c1_g1	35.1438492631151	0.1903761195345	0.261955142873555	0.726750837743217	0.467378604418626	NA
Sym_128685_c8_g1	104.611947006534	0.206427219120678	0.161236324511798	1.28027738008611	0.200447600075323	0.483432447240485
Sym_128696_c2_g1	113.926770340123	0.0275183371070269	0.164602413809684	0.167180641341287	0.867227916017864	0.944071956348477
Sym_129674_c4_g3	61.4436670794098	0.207527865362111	0.216553383096875	0.95832197305952	0.337900427100584	0.624312132771486
Sym_130165_c13_g1	58.8755020258245	-0.387799363112128	0.24565087618212	-1.57866061436158	0.114413923340518	0.38221467476475
Sym_130366_c3_g5	88.7855101100078	-0.273388921794505	0.216526104182811	-1.26261414449911	0.206727882132674	0.487818311795086
Sym_130444_c3_g1	357.523098281379	0.216112029829722	0.112092121781452	1.9279858958427	0.0538568805281244	0.236396558779526
Sym_130891_c0_g1	284.425825462406	0.588009477650367	0.123627598620486	4.75629620094334	1.97177100341065e-06	5.87946262835175e-05
Sym_131189_c6_g1	162.334678381994	-0.147086427828573	0.2016529622604	-0.729403754746911	0.465754721693363	0.707257169978811
Sym_131859_c1_g2	39.828679739641	0.027958987503876	0.322893395206926	0.0865889111356972	0.930998280425081	0.963304214446141
Sym_132105_c3_g7	37.8096324930472	-0.188644574189472	0.294264304197051	-0.641071891829422	0.521475975322419	NA
Sym_132395_c3_g1	37.5384741252254	-0.524012853633658	0.291122087450753	-1.79997628562725	0.0718643828127364	NA
Sym_132541_c0_g1	41.230479121171	0.361797912230478	0.244456989157465	1.48000641535116	0.138871534606126	0.389757855533479
Sym_133183_c1_g1	48.7072222022536	0.0111654236365384	0.255685765890677	0.0436685382060431	0.965168618157247	0.977084280109806
Sym_133411_c1_g2	71.635442062109	0.24481764631406	0.283384131278378	0.863907393860269	0.387638764762136	0.652044243798512
Sym_133813_c2_g1	356.543887214724	-0.222650763362181	0.13233115621052	-1.68252715186721	0.092466664408419	0.332484239219648
Sym_134154_c0_g2	46.604226705369	0.692421386650562	0.261400528511226	2.64889053818736	0.00807564833350415	0.0625642911964119
Sym_134172_c0_g1	95.9351122348493	0.0681500802036098	0.181899744559553	0.374657371667159	0.707915299202118	0.886245107398071
Sym_134569_c0_g2	38.1904222865862	-0.0296486203167909	0.272569135532537	-0.108774679344616	0.913381207584679	NA
Sym_134584_c0_g1	142.504466406339	0.100218204856831	0.176876785114442	0.566598973358704	0.570986672640142	0.790226281122221
Sym_135168_c1_g2	35.6419263898619	-0.0243521696845682	0.254275270748808	-0.0957708927527799	0.923702535288641	NA
Sym_135168_c1_g4	54.1976457655158	0.177725922670485	0.23518196484535	0.75569537310122	0.449831858815083	0.69659945326384
Sym_135260_c3_g1	77.8421470660033	-0.284261835622794	0.225035431408483	-1.26318701834469	0.206521977061319	0.487818311795086
Sym_135943_c0_g1	77.0271610232709	-0.839850446757995	0.21933762718542	-3.82903042006566	0.000128649105855315	0.00222088982739701
Sym_136070_c2_g1	153.17136805511	0.0186176438363878	0.154173664882037	0.120757613504438	0.903883023861793	0.953291420664527
Sym_136210_c0_g3	38.486649413397	0.274429173734321	0.295562404754668	0.928498243753671	0.353149178383808	NA
Sym_136536_c0_g1	50.7637267326534	-0.150706382728928	0.245340006258944	-0.614275612962465	0.539033214893351	0.763942896837582
Sym_136781_c0_g5	237.679917421691	0.0294672429833926	0.135782723240637	0.217017616675504	0.82819461596982	0.940711080927579
Sym_136909_c0_g1	1166.26111372637	-0.354486039371393	0.0733158291198997	-4.83505463454108	1.33109071509935e-06	4.36597754552586e-05
Sym_136948_c0_g1	208.643471468772	0.0325386530122422	0.123282980575521	0.263934671763631	0.791830258430664	0.940711080927579
Sym_137859_c0_g1	44.6158573226038	0.101639138026044	0.2278512894119	0.446076641867515	0.655541884833148	0.853244992957431
Sym_138988_c3_g1	80.1818909284667	0.0721946144738741	0.212698893614217	0.339421673743245	0.734292093379745	0.895345006054113
Sym_139720_c2_g1	94.6308717230989	-0.168399518269959	0.207257350160502	-0.812514094865871	0.416496702183284	0.680238116676775
Sym_139797_c4_g1	57.715336372875	0.234494632889464	0.246398326842759	0.951689225710973	0.341254615181494	0.624312132771486
Sym_139907_c0_g1	110.06492345396	-0.130799367819539	0.184537190687048	-0.708796786883782	0.478450591999193	0.715900849690306
Sym_140163_c0_g1	81.3754219130159	-0.0398237292047124	0.190714868220742	-0.208812923587156	0.834594282164407	0.940711080927579
Sym_140883_c1_g1	132.46201659146	0.219672059560487	0.210700952546923	1.04257743928123	0.297144042623846	0.58712798783507
Sym_141083_c0_g1	202.1204571463	-1.07402302421577	0.177738958281387	-6.04269899295477	1.51557247298699e-09	1.65702590379911e-07
Sym_141362_c0_g3	102.39924275782	-0.24434350362464	0.167961770621549	-1.45475665516289	0.145736641798771	0.40169427319325
Sym_142188_c6_g1	34.5317190739126	0.47309857242011	0.305309105894135	1.54957242770268	0.121244175063468	NA
Sym_143145_c5_g3	35.7265918227536	0.28814631790404	0.263680524142116	1.092785744573	0.274487882065964	NA
Sym_143244_c1_g1	65.8002367501054	-0.488427783020981	0.206237671815512	-2.36827626457062	0.0178711857383222	0.106577253130358
Sym_143319_c2_g2	50.2992310150372	0.360953186669615	0.261840068451082	1.37852540600389	0.168041129371635	0.430605394014814
Sym_143426_c2_g1	55.0371251553722	0.138856728482371	0.215311529718224	0.644910788865284	0.51898499969894	0.746609999566897
Sym_144233_c1_g1	39.9119629203529	0.106977976332627	0.273868874766402	0.390617504175583	0.69607998515784	0.882038298113627
Sym_144324_c2_g4	53.1014726430485	0.0897172262651977	0.255908420850855	0.350583329641526	0.725900964725955	0.895345006054113
Sym_144769_c1_g2	41.3027033867307	0.207254302298133	0.258590479452741	0.801476924969352	0.422855597428257	0.680238116676775
Sym_144984_c0_g1	136.532310407651	-1.40092490404542	0.199628500024457	-7.01765982248923	2.25615021897097e-12	7.40017271822477e-10
Sym_146541_c1_g1	46.0353459702569	-0.281763326622706	0.262299391950813	-1.07420503161343	0.282730797751912	0.583603345644178
Sym_146798_c0_g2	471.532162630679	-0.174556195274842	0.127531500055748	-1.36873004080198	0.171083676290255	0.435003455993827
Sym_146798_c1_g2	72.4062871579722	0.0968611146117565	0.189313406368042	0.511644243638245	0.608900014776807	0.821889731879806
Sym_147389_c1_g1	127.009490153095	0.30702233190247	0.180346183718537	1.70240548245609	0.0886793830218743	0.326818400350278
Sym_147711_c0_g1	94.1268959741677	-0.501616632183296	0.181360660960521	-2.76585136780291	0.00567744051175787	0.0483300659188447
Sym_148542_c0_g2	222.269185443315	0.000598483523047566	0.167495323072505	0.00357313572742861	0.997149056235908	0.997149056235908
Sym_148791_c2_g2	45.6026221750335	-0.764235315475172	0.273224504863847	-2.7970965336949	0.00515641243605041	0.0457108994330955
Sym_148851_c1_g6	67.6725770839007	-0.339857482863015	0.225011297416618	-1.51040186321735	0.130940913496176	0.389757855533479
Sym_149385_c2_g1	143.563339774114	-0.325189193470191	0.188866435692582	-1.7217945172614	0.0851067481485464	0.317216061280946
Sym_149661_c2_g2	40.5621359994039	-0.0355873361650314	0.265251899955504	-0.134164302578045	0.893272653074279	0.952828929631067
Sym_151345_c3_g1	137.961348844371	-0.194535505662244	0.181916264710904	-1.06936840403685	0.284903698671798	0.583603345644178
Sym_152125_c5_g2	805.362549398188	-0.625286657198654	0.113280369672491	-5.51981476584553	3.39357198820637e-08	1.85515268688615e-06
Sym_152309_c0_g2	111.677030872433	-0.561897659072304	0.193677893448752	-2.90119666765678	0.00371740488945269	0.0383231409018855
Sym_152567_c7_g1	36.1540895273752	0.473159976450408	0.276505064519913	1.71121631089087	0.0870411887421718	NA
Sym_152950_c3_g7	65.7528528555852	-0.0550722612654962	0.222721374462659	-0.247269762044009	0.804699458686697	0.940711080927579
Sym_153078_c0_g1	40.6942630285172	0.248481382350733	0.271506451074129	0.915195132077693	0.360089199729345	0.628240731442687
Sym_154888_c1_g1	69.8550281800669	-0.537473455001266	0.25793667117362	-2.08374192221581	0.0371836487109677	0.179356423194079
Sym_157791_c0_g1	58.7050808743869	-0.00461705426980862	0.231411359112874	-0.0199517183923396	0.98408188803024	0.990119200226745
Sym_158035_c0_g1	47.3643877529803	0.182843542256681	0.25548529618608	0.71567148867741	0.474194219758854	0.713466532481211
Sym_158124_c0_g1	48.7626748604394	0.449247892116802	0.226896692230685	1.97996668748284	0.0477072720102251	0.214355961908957
Sym_17199_c0_g1	43.2446043596731	0.221390306988838	0.238533852258924	0.928129508211368	0.3533403946402	0.628240731442687
Sym_172288_c0_g1	54.1168385650057	0.0215351320595878	0.298098114581872	0.0722417586900678	0.942409513340623	0.972045032628064
Sym_173607_c0_g1	39.4300835958825	0.300834225234714	0.246029953170216	1.22275447098338	0.221422446454528	NA
Sym_17477_c0_g1	52.4975902365206	-1.0332309432718	0.253565134269165	-4.07481472659802	4.60509951547015e-05	0.00108744899703395
Sym_175609_c0_g1	56.2749254226175	0.0610296716721781	0.283603066297239	0.215193976810582	0.829616086737166	0.940711080927579
Sym_176037_c0_g1	45.1238295378148	0.22330616142442	0.22570577895907	0.989368382388273	0.322482938043096	0.61570696098575
Sym_178992_c0_g1	75.5236896281009	-0.0428608892344397	0.209066240104677	-0.205011049191776	0.837563492368445	0.940824744852226
Sym_18246_c0_g1	47.2198445760778	-0.0370311053096317	0.25299289496362	-0.146372115766163	0.883627638603558	0.947156423078323
Sym_188258_c0_g1	92.9740345612705	-0.0291462025257847	0.23771195437382	-0.122611429461179	0.902414803338839	0.953291420664527
Sym_204881_c0_g1	46.2683567434178	0.899184488665663	0.325567058100915	2.76190255215239	0.00574656271596019	0.0483300659188447
Sym_208475_c0_g1	56.8870697096983	0.224209459370265	0.225072271965354	0.996166508706046	0.319169249104279	0.61570696098575
Sym_209041_c0_g1	78.9462455650672	-0.116770264486264	0.199472530470711	-0.585395213118876	0.558282006711864	0.782549137613212
Sym_210042_c0_g1	89.5689033520844	0.293269389845349	0.197713550152221	1.48330445545871	0.137993539132178	0.389757855533479
Sym_21232_c0_g1	119.366645513532	-0.673024912208953	0.193666615939559	-3.47517257398144	0.000510524804809702	0.00669808543910329
Sym_214581_c0_g1	42.9850379419656	0.0625907696668431	0.254519242626588	0.245917632870972	0.805745993852134	0.940711080927579
Sym_218000_c0_g1	50.8003832779897	-0.209119784235988	0.271914707784331	-0.769063894851362	0.441855380532641	0.693438109161273
Sym_237228_c0_g1	38.3585799028672	-0.136262236248568	0.267292329859945	-0.509787304109948	0.61020048116199	NA
Sym_237405_c0_g1	57.4502640568117	0.382682625423309	0.225786127637406	1.6948898917203	0.0900963104296624	0.328350998010325
Sym_237540_c0_g1	46.0196644198902	0.0564125846161484	0.253288155360327	0.222720973809044	0.823752676599037	0.940711080927579
Sym_242526_c0_g1	51.8985805129867	-1.04546649323539	0.257701586620829	-4.0568880733111	4.97308992546014e-05	0.00108744899703395
Sym_244110_c0_g1	57.2399363845378	0.436284163074755	0.213354463478638	2.04487947409845	0.0408667419994193	0.194265092403036
Sym_244729_c0_g1	42.4490008344336	0.239343618110865	0.250892644067702	0.953968256025392	0.340099711007244	0.624312132771486
Sym_245377_c0_g1	63.9595546523507	-0.519112617348929	0.523288039228495	-0.992020796260274	0.321187380836794	0.61570696098575
Sym_248486_c0_g1	51.3424561660385	0.732829767345645	0.252784215498674	2.899032939616	0.00374315567449134	0.0383231409018855
Sym_26664_c0_g1	37.5200756954543	0.261359236629894	0.27332335281387	0.956227244906793	0.338957438063418	NA
Sym_271368_c0_g1	63.1828317980671	-0.133488394618053	0.208509834153631	-0.640201912585562	0.522041339543343	0.747727333494395
Sym_272568_c0_g1	45.1794359804089	0.51357520305304	0.253114796828808	2.02902086123552	0.0424561655520221	0.196794137823469
Sym_276093_c0_g1	47.9512721057426	-0.342766379049566	0.245717621326066	-1.39496051280228	0.163027747440934	0.424389691751002
Sym_278149_c0_g1	86.6700903354228	0.0409193715559572	0.193792346230779	0.211150607089653	0.832769751576852	0.940711080927579
Sym_281979_c0_g1	81.1922314525764	0.0963782762005671	0.193468216645387	0.49816077220178	0.61837072905151	0.827859588281206
Sym_28806_c0_g1	34.2173590134487	0.437674575836014	0.271995668998038	1.60912332703052	0.107589377466077	NA
Sym_289794_c0_g1	56.9661013508352	-0.172515710691263	0.213021520694124	-0.809851089829449	0.41802576520749	0.680238116676775
Sym_294695_c0_g1	42.0332468160497	0.375007472886038	0.27056740630859	1.38600387238931	0.165745721050605	0.428067689012585
Sym_30446_c0_g1	109.687853208358	-0.1825758268582	0.182972014476997	-0.997834709204419	0.318359516303156	0.61570696098575
Sym_30458_c0_g1	47.2983293020386	-0.279182037821971	0.263946564972835	-1.05772180763445	0.290182290037858	0.583603345644178
Sym_310154_c0_g1	75.2825920051078	0.36501256689586	0.194047292768032	1.88104951988278	0.0599651829128757	0.255436103836665
Sym_311128_c0_g1	57.3134971637293	0.351307556842257	0.230035050849995	1.52719142384672	0.126713418258954	0.389757855533479
Sym_317193_c0_g1	55.0125581776425	-0.19399570280321	0.249257618896732	-0.778293974169685	0.43639572707982	0.688162492702793
Sym_32537_c0_g1	89.7861659244862	0.324416060318657	0.182174981890637	1.78079370148317	0.0749461587692624	0.28920400089786
Sym_33974_c0_g1	44.5922620821267	0.543482842333115	0.227909480668222	2.38464341518239	0.0170956830651576	0.103840445284661
Sym_37542_c0_g1	37.2893055732965	-0.732870649197323	0.329947601760959	-2.22117283255259	0.0263392575235758	NA
Sym_37619_c0_g1	50.8576402492911	-1.45418318778872	0.28293238386297	-5.13968449964711	2.75200156991044e-07	1.16490890577758e-05
Sym_39803_c0_g1	56.2985985994612	0.513662395030922	0.235719404484505	2.17912647520152	0.029322273977199	0.150276654133145
Sym_39928_c0_g1	52.7803204280639	0.327505730049099	0.263235756297	1.24415366155495	0.213443014492348	0.496519920237519
Sym_40740_c0_g1	49.3194043571499	-0.677415231325942	0.241782929100356	-2.80174962660316	0.00508263024098385	0.0457108994330955
Sym_44628_c0_g1	48.4220965584815	-0.474365711181527	0.332728775695716	-1.42568285592268	0.15395990740762	0.407248787336285
Sym_45312_c0_g1	54.1777702969633	0.195323352395696	0.226097449006355	0.863890120185327	0.387648254697286	0.652044243798512
Sym_55311_c0_g1	37.8785352069979	0.140497810327098	0.262947854836621	0.534318146137356	0.59312143967542	NA
Sym_57158_c0_g1	50.041133368069	0.894932756357225	0.247093036588306	3.62184531265572	0.000292509020390513	0.00436104357673128
Sym_62034_c0_g1	49.5554255958248	-0.0124865270464704	0.260940618169506	-0.047851986915886	0.961834204411876	0.977084280109806
Sym_62856_c0_g1	58.6416508585893	-0.388084395127933	0.271565792074013	-1.42906215162094	0.152986370630667	0.407248787336285
Sym_65138_c0_g1	106.402709482611	-0.309599897522014	0.199749343081406	-1.54994200604624	0.121155436222623	0.389757855533479
Sym_67222_c0_g1	89.9346723624611	-0.508148544711932	0.210925785925785	-2.40913429565566	0.0159904127229011	0.0989595353417275
Sym_67337_c0_g1	40.477844546607	-0.137697448135211	0.273235391650515	-0.503951729325512	0.614295298076207	0.825774007249983
Sym_72647_c1_g1	43.5876248791945	0.325087741934836	0.25483198188827	1.27569443806064	0.202063555482545	0.483772599987408
Sym_73573_c0_g1	79.2213475291732	0.284782542259573	0.1924967470051	1.47941483006997	0.13902947895554	0.389757855533479
Sym_74166_c0_g2	118.93058149597	-0.391947086669418	0.178427805377111	-2.19667044517545	0.028043991099926	0.146006810805964
Sym_75131_c0_g1	47.9531504452303	0.353711497761167	0.241286346398081	1.46594079209772	0.142664417635972	0.396558720208464
Sym_75561_c0_g1	57.2352137384445	-0.33682188454764	0.253692091255969	-1.32767987713025	0.18428388401895	0.457917529986483
Sym_76402_c0_g1	53.7091870397888	-0.187583649992491	0.249619535012687	-0.751478244613175	0.452364888857311	0.69659945326384
Sym_76645_c0_g1	326.311587286534	0.709825737802785	0.141746317729256	5.00771906582148	5.50788473215956e-07	2.00731799127593e-05
Sym_79288_c0_g1	138.420727796353	0.395647362688447	0.183737852075112	2.15332528501915	0.0312931229555927	0.155517338324764
Sym_79448_c0_g1	52.6807511637721	-0.31326090854246	0.224510570401979	-1.39530583340275	0.162923633734921	0.424389691751002
Sym_80796_c0_g1	42.7543109746206	0.177949577571708	0.270492926837505	0.657871463229085	0.510620729029394	0.741077872219652
Sym_82427_c0_g1	51.6571669356852	0.37982137344935	0.235878958633407	1.61023846997583	0.107345806020605	0.373104085657637
Sym_82979_c0_g1	50.3710338353809	-0.0358091221404929	0.271532450395957	-0.131877873485379	0.895080890152652	0.952828929631067
Sym_83072_c0_g2	54.8726300964541	-0.176076421359031	0.221968686809532	-0.793248921232387	0.427632809990196	0.680891076100895
Sym_84180_c0_g1	38.6816450752137	0.0815197085421276	0.261935359206761	0.311220710288982	0.755632839759817	NA
Sym_84255_c0_g2	121.926414294018	-0.173746663842167	0.165513127971906	-1.04974551548358	0.293835131274832	0.584108624594818
Sym_84416_c0_g1	142.611073206104	-0.0537984128831007	0.165755425269918	-0.324565019790421	0.745510305229746	0.902315055776224
Sym_84654_c0_g1	63.778789039443	-0.499279367976555	0.235662301923355	-2.11862212963929	0.0341224139951853	0.167047041648071
Sym_85001_c0_g1	62.1116347104094	-0.0756538651745593	0.227330048320244	-0.33279307215905	0.739290488074529	0.898101037364613
Sym_85763_c0_g2	59.1125190690819	-0.192728068056419	0.227081888964702	-0.848716156691723	0.396039253723734	0.662759567456044
Sym_86661_c0_g1	40.7274054874922	0.0719980734090983	0.271544458532854	0.2651428565256	0.790899413661882	0.940711080927579
Sym_87251_c0_g1	52.5846738656017	-0.235606441758085	0.251099600832595	-0.938298750682447	0.348090901611461	0.628240731442687
Sym_89597_c0_g2	55.7798281846763	0.188378069384376	0.216808321178617	0.868869185279937	0.38491868581044	0.652044243798512
Sym_89625_c0_g1	45.4460596261842	0.160514133482059	0.262156328788287	0.612284030005956	0.540349853860729	0.763942896837582
Sym_89763_c0_g1	68.7266259167857	0.359765019363595	0.229187320417129	1.56974224712262	0.116475088343682	0.38221467476475
Sym_91477_c0_g1	55.5483634480144	-0.355133993005211	0.231461803476121	-1.53430927985424	0.12495358384698	0.389757855533479
Sym_92614_c0_g2	74.3925721468232	-0.0655836282984618	0.186399382918113	-0.351844664245876	0.724954760336145	0.895345006054113
Sym_92829_c0_g1	41.1027530616415	0.0967774328639976	0.250438406503946	0.386432074117485	0.699176699724217	0.882038298113627
Sym_92876_c0_g1	304.239655096268	-0.300772274316556	0.151067379897179	-1.9909809418901	0.0464829825129595	0.211755809225704
Sym_93418_c0_g1	63.0337886078413	0.405905326337154	0.233653198755699	1.73721279442682	0.0823496173955214	0.31046752305438
Sym_94487_c0_g1	61.0491169289555	0.0742211176862448	0.214759006651192	0.345601885776989	0.729641928562644	0.895345006054113
Sym_94893_c0_g4	51.1325461369921	0.259036516724459	0.242485737652254	1.06825464966496	0.28540565921575	0.583603345644178
Sym_94907_c0_g2	53.5389854586493	-0.0145290426831413	0.218084433286289	-0.0666211818248779	0.946883282548598	0.973597857918308
Sym_94934_c0_g1	117.47029350253	0.0543559128490212	0.157245893269113	0.345674610121586	0.729587267482568	0.895345006054113
Sym_96651_c0_g1	44.597274647581	0.522673608523326	0.284016679304607	1.84029194976525	0.065725386625995	0.26947408516658
Sym_96774_c0_g1	87.488488472676	0.0631675895261151	0.18446845872489	0.342430299264987	0.732027089692013	0.895345006054113
Sym_97621_c0_g2	38.6517985916716	0.0717311764911011	0.264150798575931	0.271553888452402	0.785965059089418	NA
Sym_98005_c1_g1	41.6300888982147	0.462378279686727	0.257976664029793	1.79232598973886	0.0730807624624008	0.28920400089786
Sym_98005_c2_g1	60.1696175862331	0.499963151635495	0.22263401728038	2.2456727760783	0.0247249751800604	0.135163197650997
Sym_98024_c0_g2	48.9793559701759	0.16006503235998	0.227643378858283	0.703139415531285	0.481968870674973	0.715900849690306
Sym_98887_c0_g1	146.799660612005	-0.11290029531177	0.152231872736335	-0.741633754367015	0.458309266640741	0.702455324570856
Sym_99526_c0_g1	240.178304193867	-0.020769742080231	0.130214320981057	-0.159504284350202	0.873271583109026	0.945003675074989
