baseMean	log2FoldChange	lfcSE	stat	pvalue	padj
Sym_100100_c0_g2	93.2336620951292	0.0894223986351887	0.0987854534172969	0.905218284087273	0.365349757273221	0.502179589147748
Sym_100230_c0_g1	67.8361411518469	0.198545580011806	0.0572023817196974	3.47093204938069	0.000518655228388847	0.00284063478932968
Sym_100246_c0_g3	80.4975709229601	-0.281936051004289	0.181340792624266	-1.55473044384698	0.120010280835412	0.220914279761707
Sym_100437_c0_g1	99.6199316700787	-0.0895865545088344	0.0697571125781052	-1.28426408717142	0.199049568044998	0.320881976907968
Sym_100629_c0_g1	163.9414529534	0.546701674051534	0.124406112605543	4.39449205992775	1.11032061700816e-05	0.000101352343501257
Sym_100793_c2_g1	111.495909924946	-0.360249856848161	0.0975938543795698	-3.691317031573	0.000223095854259443	0.00134613769688749
Sym_100802_c0_g1	129.940010305374	-0.180652207792932	0.0792634668444695	-2.27913583627887	0.022658991828231	0.0625317914019399
Sym_101037_c0_g1	139.608110414545	-0.00833902889072271	0.105586168320345	-0.07897842135366	0.937049786705388	0.958591161112408
Sym_101057_c0_g1	182.904974922169	-0.197182934777753	0.127135652511113	-1.55096490152923	0.120910095402612	0.220914279761707
Sym_101138_c0_g1	94.8592914827696	0.188049328837618	0.130762500604413	1.43809829246468	0.15040616706807	0.258258933203328
Sym_101210_c1_g3	60.3751824837846	0.0920906084737195	0.072902601266709	1.263200583705	0.206517103139742	0.329686496492144
Sym_101261_c1_g1	77.9641189630443	-0.190197489100779	0.0658131302504037	-2.88996266211805	0.00385287585561408	0.0141404515938001
Sym_101299_c0_g1	53.9566524065268	-0.212935989869852	0.112697829595323	-1.88944179878589	0.0588326545193074	0.136891666724663
Sym_101312_c0_g2	33.0048212738464	-0.214454225010548	0.16391772248249	-1.30830407940457	0.190770192041216	0.312968609984668
Sym_101326_c0_g1	177.378923875191	0.140648973889444	0.092309261952005	1.52367130789727	0.127590840304751	0.230570249484728
Sym_101441_c0_g1	121.54713788569	0.257871039322686	0.108688878974778	2.37256140421255	0.0176652265827737	0.051128623280223
Sym_101501_c0_g1	143.768236650169	0.176042101499263	0.0716903374466386	2.45559035944414	0.0140653387206769	0.041727171538008
Sym_101501_c0_g2	76.041360660439	-0.106484181930089	0.129467181933159	-0.822480109168239	0.410803702731207	0.547738270308277
Sym_101543_c0_g2	265.173308139686	-0.332341930798064	0.0667055942505199	-4.98221977529978	6.28589826400377e-07	7.45926593995114e-06
Sym_101543_c0_g3	232.022680976357	-0.265401658813595	0.0992066350235625	-2.67524101337133	0.00746755449070781	0.0241677218062907
Sym_101592_c0_g2	200.01141008103	-1.03965636340185	0.0926459604269461	-11.2218207745998	3.18641436730931e-29	2.83590878690529e-27
Sym_101592_c0_g3	114.635109582173	0.340836648283575	0.13240341220783	2.57422858369069	0.0100463875422273	0.031100121435069
Sym_101757_c0_g1	135.174328354375	0.0556189351218505	0.0874016457388479	0.636360272757761	0.524541628280969	0.646148164941263
Sym_101806_c0_g1	98.6788453239963	0.0210484950422501	0.122555010871871	0.171747323038924	0.863636180135409	0.909628639432561
Sym_101851_c0_g1	310.537123884731	-0.477846308989295	0.109802377274918	-4.35187580495536	1.34977718494768e-05	0.000117200165327164
Sym_101880_c0_g1	136.773004753221	0.389455215512489	0.0845016240900782	4.60884887960653	4.04904491536725e-06	3.89583781046146e-05
Sym_101976_c0_g1	121.802033839492	-0.11723442833088	0.106473293570553	-1.10106886336898	0.270866687228604	0.401785586055763
Sym_102324_c0_g5	59.4966526963687	0.00361091325969517	0.0763387375953132	0.0473011916811795	0.962273178323309	0.97598077345612
Sym_102382_c3_g3	586.559287161466	-0.113806278435111	0.0604772496149391	-1.88180314349147	0.0598627488566827	0.137264088689923
Sym_102395_c0_g1	159.745996253792	1.13513584891082	0.0796109479429292	14.2585395381118	3.96669170068862e-46	1.41214224544515e-43
Sym_102471_c7_g1	197.905242982269	0.444121941898483	0.148993972338911	2.98080475959293	0.0028749201892189	0.0113719065262437
Sym_102539_c1_g2	59.7287003292667	0.0561460332527334	0.102324546504827	0.548705419867996	0.583207626119679	0.689773803649853
Sym_102539_c1_g5	232.507452020929	0.0885819272291882	0.0967560720865021	0.91551801679169	0.359919748499758	0.496633451418271
Sym_102539_c1_g9	70.1200667444337	-0.101313438428831	0.136912270536419	-0.739988008612287	0.459307270478923	0.601152162832708
Sym_102636_c0_g1	272.766940820579	-0.284442062932748	0.0477162257629425	-5.96111822309409	2.50517631807905e-09	4.69390931176918e-08
Sym_102664_c0_g1	116.674445315695	0.0875271953827396	0.149682062289872	0.584754071688534	0.558713090528023	0.678845939344629
Sym_102695_c0_g1	84.2369022204844	-0.298968564467707	0.134968537837207	-2.21509819442742	0.0267533253511749	0.0716104046993855
Sym_102774_c0_g1	262.930837632511	-0.0446817257689362	0.103447594087413	-0.431926195704274	0.665795055015656	0.754850444540043
Sym_102797_c0_g2	70.8862016918398	-0.643355933514646	0.0912490593691588	-7.05054866277441	1.78213673703437e-12	4.88031291064796e-11
Sym_102806_c2_g3	63.3145081993887	-0.44162710144779	0.0751841955023794	-5.87393531974168	4.25569471227544e-09	7.57513658785028e-08
Sym_102806_c2_g4	124.218713416478	-0.0514434955375314	0.144145558386749	-0.356885748775598	0.721177338907663	0.791962487322653
Sym_102873_c0_g2	48.4835069321809	-0.227859048830967	0.134581168787874	-1.69309756248377	0.0904368981880531	0.181895682231338
Sym_102902_c2_g1	96.6848134985287	-1.0871857260276	0.160729448857852	-6.76407300437582	1.34165423904633e-11	3.14449044184459e-10
Sym_103005_c0_g1	193.31225952973	-0.371932094957928	0.106678209705697	-3.48648609668284	0.00048941082253263	0.00272234770033776
Sym_103012_c3_g1	47.2663912342848	-0.33689734652226	0.122878978928973	-2.74170040684496	0.00611220620970492	0.0209225520255284
Sym_103171_c0_g1	168.870352424003	-0.0511984556736429	0.102676237253438	-0.498639773361276	0.618033180200936	0.723749382077412
Sym_103259_c1_g1	53.1776431901676	0.315215262578063	0.100926908717476	3.12320338137415	0.00178894082514192	0.00758170159226812
Sym_103259_c1_g2	45.4690519523883	0.52573871009923	0.155981179077048	3.37052658025837	0.000750246678434963	0.00376180024680066
Sym_103259_c1_g4	184.220613304865	-0.12306834893133	0.0964377611165303	-1.27614274228764	0.201905064672902	0.323775689295284
Sym_103259_c2_g1	65.1622658478403	-0.349226901037488	0.0828935940621948	-4.21295402845562	2.52052378328607e-05	0.000183123768744865
Sym_103301_c0_g1	242.01399095353	-0.0696978591000068	0.124003661913044	-0.562062910278261	0.574073157415134	0.689773803649853
Sym_103490_c0_g1	86.1305888016414	0.157637416133678	0.146226309378424	1.07803730261511	0.28101710946755	0.413397070125818
Sym_103496_c0_g1	109.920938859502	0.0188628501720988	0.0962026913490996	0.19607403813319	0.8445522163969	0.898160224573023
Sym_103660_c1_g1	113.516333912093	0.184380839618435	0.116581912731238	1.58155613764458	0.113750933903477	0.216552580051539
Sym_103755_c0_g1	147.432294927608	-0.202275500451267	0.0831612590037688	-2.43232850096822	0.0150020941542952	0.0441383927184223
Sym_103763_c6_g1	100.583291458732	0.13643667854548	0.0943368559625435	1.44627120708424	0.148101148300592	0.255941790267043
Sym_103763_c6_g2	73.9758280783705	0.30661245830877	0.163671235339467	1.87334358216844	0.0610209552896792	0.13749025369067
Sym_103894_c0_g1	70.8001256673946	-0.154405139717301	0.137089086754434	-1.12631241022041	0.260033306638629	0.390598553431865
Sym_103894_c0_g2	51.138149340463	0.0802087400366566	0.0782600010445293	1.02490083013184	0.305409982892282	0.443566265157323
Sym_103894_c0_g4	40.7123742755562	-0.432233275196258	0.130092857394255	-3.32249812828958	0.000892152698886326	0.00429197784869638
Sym_104048_c2_g7	60.3802643993196	-0.0307381395287126	0.177056141273386	-0.173606740255629	0.862174534507701	0.909628639432561
Sym_104174_c0_g1	75.6171108765871	-0.264275500651702	0.101218996148489	-2.61092789602467	0.00902969298539227	0.0287015241321397
Sym_104246_c3_g2	51.0338588166252	0.36382970133954	0.114062341651803	3.1897442755489	0.00142398737712555	0.00633674382820871
Sym_104246_c5_g1	86.7453531337841	0.0787796345372508	0.107213740617003	0.734790467004351	0.462467113772934	0.603070668509761
Sym_104246_c5_g4	52.1116619090555	0.136310527455096	0.0870279959832382	1.56628365292186	0.117282226260072	0.219749855518871
Sym_104264_c2_g1	41.0168738949402	0.121858910269515	0.171246336604253	0.711600100100997	0.476712445039583	0.61470048328542
Sym_104397_c2_g9	137.861493847944	-0.123372152485834	0.120648621620096	-1.02257407361283	0.30650927311433	0.443566265157323
Sym_104594_c0_g1	92.4379811172174	-0.534143779890521	0.0911158682735974	-5.86224759760424	4.56643422914663e-09	7.74119326464857e-08
Sym_104762_c1_g5	39.6204325678812	-0.485952326989253	0.142241310746469	-3.41639376380196	0.000634564178596141	0.00328979309598987
Sym_104781_c1_g2	81.3042131227499	0.195872479058928	0.207468311093288	0.94410793642049	0.345114494122669	0.481806901598706
Sym_104866_c10_g1	93.1887316663669	-0.575232605026613	0.159565306285524	-3.60499796865178	0.000312155369999312	0.00182175920852058
Sym_105077_c3_g2	75.9135890433311	-0.016691793797142	0.170837011641396	-0.0977059574899365	0.922165784802474	0.94703854765769
Sym_105147_c1_g1	49.9175261043007	-0.119533449814474	0.174448907460129	-0.685206067236584	0.493213895799732	0.624719120334983
Sym_105147_c1_g2	34.714860150219	-0.115852757540747	0.248308543914051	-0.466567745574023	0.640809168091759	0.738278523756201
Sym_105388_c1_g2	42.8271688702734	-0.253530466037888	0.146440962079526	-1.73128107353056	0.0834016454158458	0.171624195190989
Sym_105558_c0_g1	57.0435735885515	0.351289545459379	0.065139820175323	5.39285408700681	6.93472641290811e-08	1.12216481954331e-06
Sym_105819_c0_g1	69.2648023513995	-0.183003350336117	0.0830994468735693	-2.202221040226	0.0276496985274621	0.0734574080281828
Sym_105943_c4_g1	59.1770084272779	-0.0465608828922013	0.117576363423345	-0.396005468586866	0.692100993974808	0.774804886336577
Sym_106497_c4_g4	86.860149499442	-0.201261419123775	0.163610219790479	-1.23012742957936	0.218649389929834	0.344421162898322
Sym_106752_c2_g1	142.127239781088	-0.0641437604695411	0.0619379762112147	-1.03561279191307	0.300382821781719	0.438263461288081
Sym_106752_c4_g4	73.7299185807986	-0.0559815510291817	0.0789526773624256	-0.70905196504234	0.478292229972082	0.61470048328542
Sym_106900_c1_g4	41.402508773829	-0.151523027008849	0.0753796003962403	-2.01013306269008	0.0444171075924533	0.110340565150911
Sym_106992_c0_g1	114.366144752847	0.260004552674477	0.0762217238632375	3.41116074914543	0.000646869428986772	0.00328979309598987
Sym_107127_c2_g8	55.8707997022662	0.41371032410273	0.179794998947584	2.30101129911483	0.0213909924179095	0.0594936976623108
Sym_107242_c3_g1	60.7033788081129	0.266699832032068	0.117559074921576	2.26864520846208	0.0232899100583529	0.0637785229290279
Sym_107300_c1_g1	41.2678726150718	-0.0641384902883465	0.0887619074744979	-0.722590265500705	0.469931650591367	0.608347882220097
Sym_107369_c2_g3	136.658867953742	-0.2750574317522	0.101981487279577	-2.69713100965221	0.00699397484022757	0.0230542133622316
Sym_107499_c4_g1	67.4267360769409	0.0851594214297107	0.138253107039737	0.615967505202137	0.537915966491937	0.656794581135705
Sym_107578_c2_g1	57.7880382542263	-0.120744480007945	0.136246954397093	-0.886217828077348	0.375500158505284	0.509297598440325
Sym_107578_c2_g2	189.36366007211	-0.0392029341716519	0.0852006534465245	-0.46012480639315	0.645426639466898	0.741199624678115
Sym_107647_c1_g2	62.1207161810731	-0.303623113985901	0.0792371929194546	-3.8318257222279	0.000127195831796871	0.000808602073565824
Sym_107783_c2_g1	53.9860732879149	0.152806578960787	0.153933266140847	0.992680677748831	0.320865594134579	0.458863987767074
Sym_107887_c2_g1	61.2830898043621	-0.0750532446064818	0.175083891090303	-0.428670188554191	0.668163258547905	0.75513053981922
Sym_108316_c1_g1	146.439598154567	-0.233028943258283	0.125394962704071	-1.85835968393901	0.0631179534508807	0.14043744642821
Sym_108329_c1_g2	49.7148493148237	-0.466308834105567	0.0926790737393994	-5.03143606524124	4.8681945881283e-07	5.97612852887474e-06
Sym_108395_c0_g2	167.720082081002	-0.163484156502112	0.08644642689042	-1.89116152492161	0.058602785627273	0.136891666724663
Sym_108429_c4_g2	255.467667803471	0.233432227636969	0.123742706931903	1.88643220618593	0.0592367360039099	0.136936870242805
Sym_108429_c4_g6	36.6689441353202	0.131104974681961	0.114177329639731	1.14825749643684	0.250862279836537	0.380798088251334
Sym_108771_c2_g1	116.878017664249	0.235607224411699	0.0811040081155947	2.90500099669422	0.0036725193074484	0.0137622828784382
Sym_109060_c7_g1	61.2229216677054	-0.34639097202739	0.107721031937661	-3.2156299080745	0.00130158569147824	0.00594057059187502
Sym_109253_c1_g1	76.5600806049188	0.194885344680652	0.125686818432607	1.55056311481979	0.121006417285205	0.220914279761707
Sym_109253_c1_g2	140.537716767753	-0.198258847040325	0.0904773727037764	-2.19125336109644	0.0284334630512556	0.0749800951573851
Sym_109253_c1_g3	38.8512275570044	-0.162996449848249	0.0823984837399246	-1.97814865577766	0.0479119389818283	0.11682637176391
Sym_109358_c2_g1	50.7824283508627	-0.0556829621183563	0.118444162920406	-0.470119934536367	0.638269332672817	0.737739878024424
Sym_109489_c3_g1	112.080008487299	-0.236945693043141	0.12186131180287	-1.94438816994223	0.0518486593645568	0.123880018347532
Sym_109725_c2_g2	50.1392612980304	-0.0098772440162373	0.178799547757357	-0.0552419966388358	0.955945671518254	0.972333311601424
Sym_109973_c6_g1	53.2902921702045	-0.16301128378263	0.132441333764752	-1.23081880217378	0.218390641700334	0.344421162898322
Sym_110125_c3_g1	78.3790170364033	-0.0181899546696179	0.0568412597687785	-0.320013221797192	0.748958307645071	0.817880851293391
Sym_110573_c2_g1	108.362461264866	0.0952605568618265	0.0985817888023189	0.966309883591661	0.333889141883403	0.471684660755919
Sym_110573_c2_g2	35.5973376568002	0.0331694995626523	0.153338592491272	0.216315403863775	0.828741902752675	0.894036719333189
Sym_110573_c3_g1	78.6299944179374	0.0154901141544267	0.118097325436727	0.131163970878627	0.895645596749091	0.932309451586774
Sym_110573_c3_g4	63.0854517055145	0.0240229466692779	0.201637867838486	0.119139063147209	0.905165183207318	0.93947173534054
Sym_110707_c7_g1	472.246705119765	-0.302998338051158	0.256992679841651	-1.17901544214354	0.238392026895478	0.368989398151262
Sym_110716_c0_g1	116.017731583866	-0.438204349145725	0.153020678489893	-2.86369367506542	0.00418732739860082	0.0150574601404231
Sym_110740_c0_g1	97.6578785517936	0.340627774574311	0.0941792244031538	3.61680377740405	0.000298263233540334	0.00176969518567265
Sym_111127_c1_g1	79.5983863414877	0.11327909856798	0.0804584248883202	1.40792090729114	0.159154491460576	0.270968074182679
Sym_111127_c1_g2	121.117523691209	0.0085784318386235	0.130113263406377	0.0659304948168953	0.947433162041378	0.966436119446219
Sym_111423_c4_g1	58.4341694230364	0.0832466765446463	0.118169663475465	0.704467408100308	0.48114173997515	0.61613834327753
Sym_111553_c2_g1	48.6954500964246	-0.563922209182989	0.158378814167423	-3.56059118227054	0.000370020791592972	0.00212463551301771
Sym_111600_c1_g1	40.643522472932	-0.384496591118796	0.100463308963625	-3.82723399303932	0.00012959131064786	0.000809377308607688
Sym_111787_c1_g1	920.365259764479	-0.707183970168846	0.112410574854031	-6.29108045294806	3.15263877564246e-10	6.23521891182619e-09
Sym_112013_c3_g1	228.134513352371	0.265797633332904	0.0608237147021822	4.36996711947565	1.2426524641157e-05	0.000110596069306297
Sym_112123_c0_g2	39.7534126834788	-0.285837124776025	0.167642628809258	-1.70503843089485	0.0881872571500947	0.18042612476845
Sym_112389_c0_g1	42.6805477318308	0.0687695141951794	0.0836022925585991	0.822579286889495	0.410747281557968	0.547738270308277
Sym_112403_c2_g7	32.8755731975932	0.176646107727649	0.105163680950657	1.67972541594975	0.093010752370075	0.184982278456685
Sym_112513_c2_g1	69.3202343642427	-0.19012729701397	0.103167817942115	-1.84289346044565	0.0653445672963756	0.144488608431737
Sym_112519_c1_g6	39.5652032993809	-0.140567615221234	0.0955278126408571	-1.471483658374	0.141160363719358	0.246338673941624
Sym_113175_c1_g1	106.127276413185	-0.260150434411723	0.0813042065125406	-3.19971678675195	0.00137562689865164	0.00619902754329092
Sym_113215_c4_g5	79.1097639983918	0.0707195660064967	0.128852625788387	0.548840705214951	0.583114772995145	0.689773803649853
Sym_113244_c2_g3	49.148113566286	0.427660013043821	0.180538391354851	2.36880371999797	0.0178457213174709	0.0512344902340293
Sym_113270_c1_g1	268.492363715437	-0.335386828016552	0.115334194400213	-2.90795656709363	0.00363798860538854	0.0137622828784382
Sym_113516_c10_g2	44.4858418145483	-0.213720861288756	0.148790806533393	-1.436384856485	0.150892859849135	0.258258933203328
Sym_113535_c0_g1	39.5340401973059	0.321146906770643	0.0824011712765281	3.89735851803506	9.72476009119424e-05	0.000641113813419472
Sym_113535_c0_g2	45.6224217301805	-0.0284018408511233	0.134012945648463	-0.211933561445816	0.832158867021828	0.895010745195682
Sym_113653_c1_g2	45.3317600695022	-1.11136252107044	0.164486915780592	-6.75654057829672	1.41325413116611e-11	3.14449044184459e-10
Sym_113764_c0_g1	305.415972951438	0.49406871254918	0.115676578247671	4.27112143213077	1.94492462852139e-05	0.000150520253859482
Sym_113783_c0_g1	288.126867108627	-0.0859029805520825	0.0779217230536017	-1.10242660436282	0.270276250670079	0.401785586055763
Sym_114475_c0_g3	217.25794374418	-0.196729813528752	0.104780058127097	-1.8775501469003	0.0604427311098126	0.137264088689923
Sym_114698_c0_g1	298.633905402183	-0.502833512453448	0.0941043329897182	-5.34336195240221	9.12383199437147e-08	1.2992336759985e-06
Sym_114890_c0_g1	97.1832054430173	0.21704648469207	0.144008603452569	1.50717720669763	0.131765241066772	0.234542129098855
Sym_114907_c1_g1	136.166364742031	0.186139944755467	0.133580685656246	1.39346451053917	0.163479369710128	0.275823012401922
Sym_114907_c2_g1	124.331052989737	-0.0684942009827315	0.073170913759148	-0.936085084411949	0.349229381981338	0.485647109317798
Sym_114907_c3_g1	130.135022113761	-0.0507651288217506	0.112187727366564	-0.45250162395999	0.650907651599589	0.745090430769948
Sym_114907_c3_g2	191.039399782807	-0.248635815481446	0.160948617317531	-1.54481485846455	0.122391052240869	0.22230211529464
Sym_114970_c0_g2	72.6825913610195	-0.506476288608994	0.0761911671072386	-6.64744100712005	2.98232453632793e-11	6.24533844078084e-10
Sym_115069_c1_g1	41.5491302672574	0.463507992618356	0.114429109392184	4.0506126026881	5.10837199685834e-05	0.000349727005938763
Sym_115147_c3_g1	67.7721753373333	-0.107357036182707	0.122425612624111	-0.876916471002927	0.380532009140537	0.513141648689512
Sym_115306_c0_g1	53.4257682986398	0.21536735868665	0.101236760554195	2.12736319798932	0.0333899174787357	0.087403019282573
Sym_116433_c1_g2	76.9882094954752	-0.136975295523525	0.0668062493700541	-2.05033656005428	0.0403315992505245	0.103295318943789
Sym_116556_c1_g3	38.6995840175709	0.0565763350644315	0.159615925757197	0.35445294569474	0.722999461741186	0.791962487322653
Sym_117295_c0_g5	107.02031415927	0.0747018441066668	0.0917227315652502	0.814431088475871	0.415398034885756	0.551797389624362
Sym_117295_c0_g7	77.0342890947585	-0.0827683182993754	0.0628652928903077	-1.31659799062411	0.187973412710303	0.311158656924136
Sym_117309_c3_g2	54.0054646341342	0.207318945015904	0.137535799825116	1.5073816801118	0.131712851841151	0.234542129098855
Sym_117444_c0_g1	275.771619515736	0.0941119026615526	0.0952386835241273	0.98816887402387	0.323069949302817	0.459372902651384
Sym_117760_c6_g1	43.6706842947456	0.18537695401326	0.125249223225646	1.48006470011626	0.138855980933981	0.244716481249986
Sym_117960_c0_g2	49.4968337840879	0.18224661255792	0.120089763935277	1.51758656679635	0.129118655392736	0.232152733938455
Sym_117960_c0_g3	92.5337621128554	0.506845258787945	0.0650748837806293	7.78864639230928	6.77308665276192e-15	2.41121884838324e-13
Sym_118341_c1_g2	333.480344128727	0.0208911793905427	0.145660331129668	0.143423945480017	0.885955372712799	0.924927016673773
Sym_118541_c1_g1	120.35043655969	-0.290781231765051	0.148247566982535	-1.96145702545869	0.0498257334064532	0.120666401991138
Sym_118811_c2_g1	71.0610501305575	0.0927314354271898	0.0700301514191628	1.32416442843525	0.185448441800958	0.308503015332436
Sym_118868_c0_g1	55.1545609567182	0.315395039550895	0.104899682389898	3.00663483783121	0.00264156871747916	0.0106863461752566
Sym_118905_c5_g3	52.3424685129298	0.284454667533662	0.0862831520067535	3.29675795236824	0.000978077528612917	0.00458152105508156
Sym_119017_c0_g5	118.881778775658	-0.0679089640372815	0.1202433615464	-0.564762687635577	0.572235189148905	0.689773803649853
Sym_119054_c0_g1	123.351028517738	-0.609673256253484	0.125861970069609	-4.84398310241209	1.27261760182103e-06	1.37288444317663e-05
Sym_119250_c0_g3	221.173072968799	-0.330778179535922	0.117552867439797	-2.81386738358657	0.00489494174760241	0.017253458041054
Sym_119275_c3_g2	197.609941246214	-0.163957626998757	0.0658587874000888	-2.4895330368402	0.0127911030046507	0.0385901073699633
Sym_119480_c3_g1	49.8631385731208	0.239039835047424	0.137404048264413	1.73968553377284	0.081914250864425	0.169543449463577
Sym_119843_c6_g1	40.6630578645666	0.433501885041075	0.0898276871232639	4.82592727169088	1.39353358846728e-06	1.45911163968927e-05
Sym_119993_c5_g1	46.8687234850969	-0.212301626121632	0.194335083383002	-1.09245135991849	0.274634758696806	0.405684539817689
Sym_120482_c0_g1	789.575344197816	-0.0112815092382092	0.111625192919682	-0.10106597751931	0.919498085726952	0.94703854765769
Sym_120595_c3_g2	118.29035492007	0.427442795334923	0.0861064628048219	4.96411978162208	6.90133428593341e-07	7.92540324449127e-06
Sym_120676_c2_g1	61.2924697002818	-0.284000704984447	0.117591121052131	-2.41515432834884	0.0157285438740775	0.0458964067145212
Sym_120913_c7_g2	107.964306621389	-0.392614922194814	0.291326060527532	-1.34768211770642	0.177760646028218	0.298503726349271
Sym_120986_c2_g1	51.0971105165567	0.397946842576404	0.144716368663667	2.74983988508768	0.00596243914122279	0.0208002376046892
Sym_121225_c2_g1	75.1047763896018	0.276854484214955	0.0653436029699933	4.23690264435051	2.26624339589228e-05	0.000171655882752692
Sym_121495_c10_g2	61.2255423650403	0.285794725606897	0.15778104425488	1.81133752128819	0.0700886209344766	0.150880803866146
Sym_121495_c10_g3	78.8514836279403	-0.192645354598054	0.123546756832152	-1.5592910695323	0.118927504461293	0.220511414521981
Sym_122621_c3_g1	45.8448210239144	-0.0151870475485178	0.0851120858558503	-0.178435851921657	0.858380695306903	0.909474784313267
Sym_122968_c2_g6	51.0748488533327	0.0469413119945361	0.0684528072247153	0.685747070100985	0.492872618906545	0.624719120334983
Sym_123848_c1_g2	95.4740959984965	0.587703981293905	0.254982146941764	2.3048828647134	0.0211731345309107	0.0593514637244425
Sym_123931_c0_g2	43.4342136957893	-0.219106695356397	0.139479711492099	-1.57088577982045	0.116209182231609	0.218891369706099
Sym_123942_c3_g1	132.499131524486	-0.117589678371806	0.0911745068193258	-1.28972102481262	0.197147536968262	0.320477274706399
Sym_124087_c4_g1	143.074976468173	-0.118853686439068	0.101869738891514	-1.16672220555745	0.243322572309814	0.374990630919021
Sym_124628_c1_g1	39.2956086520638	0.22790111073157	0.173419813588108	1.31415843447313	0.188792892965206	0.311158656924136
Sym_125225_c1_g2	275.519020796456	-0.0949501841367142	0.130344318154229	-0.7284566406981	0.466334101672862	0.605893942319485
Sym_125225_c1_g3	71.4653324311224	-0.907716236174811	0.119320912663305	-7.60735244069217	2.7976764456501e-14	9.05429831501304e-13
Sym_125797_c5_g1	313.608426869558	-0.146208091056249	0.0859032442647554	-1.70200895562958	0.0887536894637302	0.18042612476845
Sym_126375_c0_g3	210.024297302354	-0.0582635370226249	0.0658474885913843	-0.884825500091256	0.376250753903948	0.509297598440325
Sym_126811_c0_g5	205.571977892517	-0.454881344823977	0.135715571835865	-3.35172551440238	0.000803096005999429	0.00391646819364105
Sym_127086_c1_g3	300.588903031725	-0.0214704588466866	0.128207882320565	-0.167465981483126	0.867003412349419	0.910341463646307
Sym_127107_c0_g1	66.2056705303279	-0.317918799105774	0.167747212147914	-1.89522553033813	0.0580625292058988	0.136889141703973
Sym_127689_c0_g1	117.717547617384	0.0447030578038145	0.0685745226888	0.651890178028402	0.51447202155446	0.641372117264271
Sym_128149_c1_g1	151.29529784996	-0.428700247050836	0.120739838252685	-3.55061140759233	0.000384337431170999	0.00217181151582342
Sym_128217_c1_g1	35.1438649995699	-0.000570417917985659	0.0850569194442321	-0.00670630821939955	0.994649180320255	0.997451008997213
Sym_128685_c8_g1	104.612790791855	0.113926885976168	0.0587632227683967	1.93874468773076	0.0525324342792458	0.124676977356077
Sym_128696_c2_g1	113.927480261287	-0.0740401202749003	0.0804317230538997	-0.920533807603298	0.357293874499668	0.494928479851681
Sym_129674_c4_g3	61.4441745501172	-0.0718934678314418	0.111564029557052	-0.644414405941447	0.519306745360289	0.642881281852475
Sym_130165_c13_g1	58.8785026111531	-0.221030248849936	0.1323571863494	-1.66995276151046	0.0949287101541813	0.187673059226095
Sym_130366_c3_g5	88.7837393277843	-0.214628147720466	0.130643985055921	-1.6428475266473	0.100414484070305	0.194280197440373
Sym_130444_c3_g1	357.525601409075	0.265713974911427	0.0778653448945644	3.41248054922538	0.000643745208218157	0.00328979309598987
Sym_130891_c0_g1	284.425003440395	0.162315533168888	0.0832798328101401	1.9490376924619	0.0512909235769773	0.123375464820297
Sym_131189_c6_g1	162.337719145321	0.0891890966143074	0.161732437851719	0.551460781764005	0.581317844057265	0.689773803649853
Sym_131859_c1_g2	39.828734496903	0.688094789051511	0.211436570104943	3.25437926234798	0.00113640454272371	0.00525402619752778
Sym_132105_c3_g7	37.8099026943808	-0.352506665725934	0.142172542002988	-2.47942859260775	0.0131593076267985	0.0393673404633636
Sym_132395_c3_g1	37.5386880954153	0.0894690607740609	0.139096374786849	0.643216337673524	0.520083733633463	0.642881281852475
Sym_132541_c0_g1	41.2283205840618	1.06749829520745	0.095024737455097	11.233898917236	2.77937273030654e-29	2.83590878690529e-27
Sym_133183_c1_g1	48.7074863676012	0.715938878314905	0.137444568228377	5.20892813403368	1.89934656439643e-07	2.41488348901832e-06
Sym_133411_c1_g2	71.6357381875285	0.576002979470934	0.213520322552436	2.69764944425597	0.00698309332397374	0.0230542133622316
Sym_133813_c2_g1	356.548549010815	0.162897671433426	0.100731652405179	1.61714483525191	0.105847020764985	0.203683996715323
Sym_134154_c0_g2	46.6043179730604	-0.0851313223583841	0.129917216498009	-0.655273601552943	0.512291614013423	0.641372117264271
Sym_134172_c0_g1	95.9405645637237	0.112229970773516	0.0935781394198444	1.19931825391386	0.230404219922393	0.359753957422684
Sym_134569_c0_g2	38.1885662942257	-0.202163904242234	0.0965969320449355	-2.09286050770422	0.0363616085262084	0.0938024104009433
Sym_134584_c0_g1	142.505351505193	-0.0479721008874977	0.116835881207091	-0.410593906528317	0.681370332561321	0.767619741746298
Sym_135168_c1_g2	35.6421426794984	0.0998373477239371	0.0865562924544381	1.15343835662196	0.248730505538784	0.38048283790936
Sym_135168_c1_g4	54.1979777353119	0.195287223793865	0.0973192156020614	2.00666664425652	0.0447851699481699	0.110340565150911
Sym_135260_c3_g1	77.8425333173464	0.238347522404595	0.129668626856871	1.83812791252647	0.0660435590262352	0.145132759341603
Sym_135943_c0_g1	77.0277047291395	-0.177707797329229	0.106836239295635	-1.66336627441069	0.0962391397608385	0.188247987664058
Sym_136070_c2_g1	153.17501647502	-0.0343834862559861	0.0895312357490769	-0.384039000113327	0.700949541830071	0.781763665929008
Sym_136210_c0_g3	38.4869622331848	-0.0742827897563368	0.166145325170181	-0.447095274454758	0.654806270844017	0.747150744937404
Sym_136536_c0_g1	50.7642004814082	0.113907451460303	0.126812808979217	0.898233012715386	0.369061336811292	0.503394007298161
Sym_136781_c0_g5	237.684406111484	-0.103196778278225	0.0904827740821958	-1.1405129796803	0.254072648285724	0.383262130464906
Sym_136909_c0_g1	1166.27235312505	-0.506096748728801	0.0559589770952007	-9.04406718993093	1.50948420177441e-19	1.07475275166338e-17
Sym_136948_c0_g1	208.642271807996	-0.0124259950085089	0.06363380973357	-0.195273472711057	0.845178863011131	0.898160224573023
Sym_137859_c0_g1	44.6162435298554	0.19820244878579	0.0785079213115809	2.52461720390185	0.0115824375647983	0.0352422886587025
Sym_138988_c3_g1	80.1826491015522	0.102426613908639	0.129920911265477	0.788376658622283	0.430476419710349	0.568989057693535
Sym_139720_c2_g1	94.6314219045483	0.154812643644712	0.134301625214811	1.15272353105999	0.249023879867643	0.38048283790936
Sym_139797_c4_g1	57.7192245628519	0.15677949010845	0.136683077222028	1.14702926869124	0.251369524547931	0.380798088251334
Sym_139907_c0_g1	110.065945905538	-0.240281756284978	0.107998559041527	-2.22486076126799	0.0260905868817759	0.0703655221963047
Sym_140163_c0_g1	81.3784231365002	-0.351745996348583	0.0811588651712524	-4.33404281351603	1.4639568461839e-05	0.000121202008660807
Sym_140883_c1_g1	132.462477146536	0.283986685171724	0.161963549958295	1.75339874462403	0.079533586353411	0.166552686716555
Sym_141083_c0_g1	202.121728531857	-1.01425468753653	0.122127353589956	-8.30489368452132	9.99088656686929e-17	3.95195068645052e-15
Sym_141362_c0_g3	102.400124952028	-0.321500920234119	0.0656327917856408	-4.89848003546996	9.65808496718892e-07	1.07446195259977e-05
Sym_142188_c6_g1	34.5319544779891	0.452743298407427	0.1564763708604	2.89336527884674	0.00381137757562661	0.0141338585096154
Sym_143145_c5_g3	35.7267583276095	0.140393385755553	0.0998809334615045	1.40560746570978	0.159840717916749	0.270968074182679
Sym_143244_c1_g1	65.8006649915567	0.152967667449845	0.0758533825974137	2.01662288762665	0.0437348826672235	0.109645198799518
Sym_143319_c2_g2	50.2994061406881	0.351245732621663	0.150937789482179	2.32708941761158	0.019960506628797	0.0568475228788139
Sym_143426_c2_g1	55.0375536162657	0.0412876741261598	0.077620616243737	0.531916340325257	0.5947839394433	0.698822054263415
Sym_144233_c1_g1	39.9121951073466	-0.145663434957324	0.129764913661472	-1.12251787364748	0.26164231230301	0.391364131007864
Sym_144324_c2_g4	53.1018777102129	-0.146424066097395	0.153775256513938	-0.952195232294239	0.340997978518406	0.477934174616349
Sym_144769_c1_g2	41.3030231030749	0.129553957482106	0.0882980206916994	1.46723512562592	0.142312104701594	0.247137118408623
Sym_144984_c0_g1	136.533560891492	-0.335055969751425	0.111199930696265	-3.01309513102672	0.00258597840044748	0.0105817047190725
Sym_146541_c1_g1	46.035750588415	-0.393962058755189	0.131203677262611	-3.00267543543503	0.0026761767576166	0.0107047070304664
Sym_146798_c0_g2	471.536172000537	0.039196176402202	0.10513977113533	0.372800663145354	0.709296809255813	0.781763665929008
Sym_146798_c1_g2	72.4066981483279	0.336122461517362	0.0785292040348003	4.28022244270308	1.86706606024442e-05	0.000147705670543781
Sym_147389_c1_g1	127.010503882924	0.224463578712092	0.119594210849775	1.87687662402026	0.0605350054053875	0.137264088689923
Sym_147711_c0_g1	94.1273348818112	-0.200727740244207	0.0698128250072784	-2.87522729846958	0.00403736736414977	0.0146663549146665
Sym_148542_c0_g2	222.271284796834	-0.452331740105468	0.130791852581262	-3.45840915300463	0.000543375492561447	0.00293093447502841
Sym_148791_c2_g2	45.6028888445454	-0.838990004399344	0.11198831255856	-7.49176396385674	6.79540503385155e-14	2.01597016004263e-12
Sym_148851_c1_g6	67.6733009118076	-0.0844488662674894	0.123717089562077	-0.682596612694445	0.494861775096812	0.624719120334983
Sym_149385_c2_g1	143.564277773147	-0.395386164078642	0.135020706422647	-2.92833724955481	0.00340780188247314	0.0131867116321787
Sym_149661_c2_g2	40.5645762732371	0.028556941631414	0.126609671453905	0.225551028633786	0.821550632772748	0.888972721176591
Sym_151345_c3_g1	137.959262171017	0.593455911694573	0.127353265349679	4.65991908464299	3.16333712173116e-06	3.21756575810369e-05
Sym_152125_c5_g2	805.368925615028	-0.276859417733784	0.0943831093160827	-2.93335767109134	0.00335317356513379	0.0131179097712926
Sym_152309_c0_g2	111.677975147321	-0.482986891547567	0.111329576379213	-4.33835201081164	1.43555098418558e-05	0.000121202008660807
Sym_152567_c7_g1	36.156739501254	0.118631320254203	0.112985321294999	1.04997108380532	0.293731407587083	0.4303225559712
Sym_152950_c3_g7	65.7532703162347	0.0012543260550261	0.105477974545657	0.0118918291750394	0.990511916729225	0.996341093024521
Sym_153078_c0_g1	40.6944506152397	0.204807565788776	0.112583350289081	1.81916389291036	0.0688864296663714	0.14953395708066
Sym_154888_c1_g1	69.855492481584	0.0355625708300922	0.175778863307985	0.202314261002943	0.839671051827535	0.897666349701509
Sym_157791_c0_g1	58.7007398224512	-0.0892911845814238	0.113520436412118	-0.786564845974223	0.431536644879928	0.568989057693535
Sym_158035_c0_g1	47.3625357852196	0.184500336211344	0.137670785026978	1.3401560554419	0.180194615031518	0.301170342493992
Sym_158124_c0_g1	48.7606088322618	0.161856329645904	0.0793837097321274	2.038911134187	0.0414588974765555	0.104676365259956
Sym_17199_c0_g1	43.2469185741777	0.514924422004339	0.0754515192018472	6.82457328164352	8.81870491902269e-12	2.24247067940863e-10
Sym_172288_c0_g1	54.1143834109766	-0.121331493732452	0.193392769029116	-0.627383817614117	0.530407672706644	0.651121143046777
Sym_173607_c0_g1	39.4278643021777	0.152532786144722	0.0760687616512522	2.0051961256321	0.0449420841204554	0.110340565150911
Sym_17477_c0_g1	52.4980323071633	-0.121090764599229	0.101355616076585	-1.19471193887996	0.232199596253188	0.360974044830284
Sym_175609_c0_g1	56.2779097513296	0.0184719649323274	0.191352131004095	0.0965338866904599	0.923096561902299	0.94703854765769
Sym_176037_c0_g1	45.124152196514	-0.0341916177581523	0.0695753780765805	-0.49143272668268	0.623120422124052	0.726560476050288
Sym_178992_c0_g1	75.5243552353314	-0.0747463021341039	0.114329810895348	-0.653777886526227	0.513254915342519	0.641372117264271
Sym_18246_c0_g1	47.2202556267188	-0.0311810096200154	0.123830470292264	-0.251804015170275	0.8011925536462	0.869587039933071
Sym_188258_c0_g1	92.9747256525775	0.167359922452773	0.175126309555764	0.95565265366071	0.339247750283403	0.477360470754512
Sym_204881_c0_g1	46.2688317813272	0.0226742978564442	0.225748928213128	0.100440334472098	0.919994749372933	0.94703854765769
Sym_208475_c0_g1	56.8875066570569	0.00107599714305494	0.0927475961901418	0.011601348037625	0.990743671153596	0.996341093024521
Sym_209041_c0_g1	78.9443967739396	0.0565011221333101	0.0919089500783487	0.614751034422058	0.538719150819173	0.656794581135705
Sym_210042_c0_g1	89.5695718605939	0.0244428901052911	0.118066439218742	0.20702657136975	0.83598910705739	0.896422054555515
Sym_21232_c0_g1	119.367410737989	0.120100076712352	0.120653595491988	0.995412330835409	0.319535763795525	0.458863987767074
Sym_214581_c0_g1	42.9854131794306	-0.216677516925151	0.123883623286533	-1.74904084314675	0.080283959646987	0.167140875054546
Sym_218000_c0_g1	50.8006268564326	-0.558802472430758	0.149678357302878	-3.73335519242775	0.00018894584354028	0.00115973655690241
Sym_237228_c0_g1	38.3588894502124	-0.206743096884094	0.123984996299206	-1.66748480102522	0.0954180441570874	0.187673059226095
Sym_237405_c0_g1	57.4506050544934	0.165799894354739	0.105478580722361	1.57188211311978	0.115977893513046	0.218891369706099
Sym_237540_c0_g1	46.0198498911344	0.672703533618927	0.125695521864307	5.35184964143061	8.70597255283784e-08	1.29138592867095e-06
Sym_242526_c0_g1	51.8990122807941	-0.782699692355577	0.0867516053062501	-9.02230788228637	1.84167781623776e-19	1.0927288376344e-17
Sym_244110_c0_g1	57.2427620884711	-0.449757304117491	0.0836372400510224	-5.37747663412995	7.55370124150675e-08	1.169181583468e-06
Sym_244729_c0_g1	42.44937203569	-0.0443242810771971	0.108960561233667	-0.406791967436212	0.684160786853398	0.768331987759652
Sym_245377_c0_g1	63.9599164121282	0.0788090003665895	0.479414146528355	0.164386055224443	0.869427240561079	0.910341463646307
Sym_248486_c0_g1	51.3427873446028	0.547493380707335	0.11864130487394	4.61469453061952	3.93673895880863e-06	3.89299741482187e-05
Sym_26664_c0_g1	37.5201772826742	0.213436151143228	0.132791662392126	1.60730084478469	0.107988389083351	0.206687454374586
Sym_271368_c0_g1	63.1809754557241	0.786885209886394	0.0906454337343217	8.68091394645123	3.92601116658016e-18	1.74707496912817e-16
Sym_272568_c0_g1	45.1796283521433	0.45213822358976	0.114363312896428	3.95352506095407	7.70081940086986e-05	0.000517262586171636
Sym_276093_c0_g1	47.9515630714863	-0.0571631765743599	0.103445692070752	-0.552591175428194	0.580543386005849	0.689773803649853
Sym_278149_c0_g1	86.6672496444289	-0.274419286011415	0.100787364537327	-2.72275485395577	0.00647400778508869	0.0219499692523007
Sym_281979_c0_g1	81.1927390677805	0.294981147935314	0.0973659108803552	3.02961421783227	0.00244866295515529	0.0101363257213405
Sym_28806_c0_g1	34.2150960165151	0.0615846017018521	0.0901107826972256	0.683432102779286	0.494333840289	0.624719120334983
Sym_289794_c0_g1	56.966456651131	0.284445139327436	0.0689331062391661	4.12639375832771	3.6849612064163e-05	0.000257224743036118
Sym_294695_c0_g1	42.0334157189325	0.279425347830707	0.103333960802535	2.70409984927096	0.006848970519406	0.0230022028764956
Sym_30446_c0_g1	109.682036264642	0.3312506168548	0.105126956738771	3.15095791917503	0.00162735934764201	0.00715234478716736
Sym_30458_c0_g1	47.3010604832529	0.325690161624962	0.111417720906969	2.92314507040496	0.0034651502991117	0.013264446306277
Sym_310154_c0_g1	75.285364537366	-0.000112317021581503	0.0934962585779554	-0.00120129963797273	0.999041501796502	0.999041501796502
Sym_311128_c0_g1	57.3137795364898	0.173424109087048	0.0958344752191097	1.80962131519521	0.0703545321398323	0.150880803866146
Sym_317193_c0_g1	55.0129001033586	-0.139231142799316	0.141135286087125	-0.986508382555489	0.323883703835666	0.459372902651384
Sym_32537_c0_g1	89.7840802713746	0.186657854501289	0.0913537288080258	2.04324286415871	0.0410284024646222	0.104329366267182
Sym_33974_c0_g1	44.5903954939879	0.119017166522409	0.07186945697211	1.65601872529238	0.0977180267957578	0.190096270706501
Sym_37542_c0_g1	37.2895294345866	-0.00580443746065699	0.197259812447043	-0.0294253420838838	0.97652536149272	0.987622240600592
Sym_37619_c0_g1	50.8582249113536	-0.553625586539765	0.123989202420341	-4.46511128172995	8.0027145427564e-06	7.49727994005599e-05
Sym_39803_c0_g1	56.2987389170103	1.14927714238698	0.130126973275105	8.8319670661767	1.0285073158969e-18	5.23069434941852e-17
Sym_39928_c0_g1	52.7807716117565	0.0720114628754853	0.166673351254894	0.432051448736746	0.665704020618431	0.754850444540043
Sym_40740_c0_g1	49.3198031397452	-0.401771742349853	0.076974702591516	-5.21952964835664	1.79378098972817e-07	2.36513345312307e-06
Sym_44628_c0_g1	48.4247818779755	-0.147468691449182	0.226641343272027	-0.650669861553823	0.515259622296578	0.641372117264271
Sym_45312_c0_g1	54.174529684073	-0.440392935350753	0.104179595826233	-4.22724749369645	2.3656741655958e-05	0.000175454167281689
Sym_55311_c0_g1	37.8788751000018	0.230035434179141	0.109440044819468	2.10193110354266	0.0355593114557222	0.0924022983812926
Sym_57158_c0_g1	50.0413910097621	0.40208371421994	0.121172627266265	3.31827181840665	0.000905762938821939	0.00429935474960814
Sym_62034_c0_g1	49.5580282685171	0.241327649201218	0.136751179830673	1.76472078339677	0.0776107038448914	0.163487636501665
Sym_62856_c0_g1	58.6419599399765	-0.292441769606522	0.165680219891994	-1.76509766704295	0.0775473527061354	0.163487636501665
Sym_65138_c0_g1	106.403433115379	-0.16178512912727	0.126016935844166	-1.28383639900065	0.199199204765901	0.320881976907968
Sym_67222_c0_g1	89.9353250701231	-0.329443789213732	0.127328592937361	-2.58735121164655	0.00967169554140316	0.0302028387082414
Sym_67337_c0_g1	40.4753625351048	0.233020732637128	0.125263392645046	1.86024606005546	0.0628507211567762	0.14043744642821
Sym_72647_c1_g1	43.5854636233112	0.104928002065987	0.11642372644873	0.901259608042134	0.367450304442502	0.503124263005888
Sym_73573_c0_g1	79.2217872384424	0.225100680773709	0.0835802349907527	2.69322861796947	0.00707637277752301	0.0231118230164972
Sym_74166_c0_g2	118.931531522499	0.297185564097134	0.104996020115581	2.83044598995266	0.00464831585305899	0.01654800443689
Sym_75131_c0_g1	47.9580245382532	0.364282540234526	0.117292035579806	3.10577387828405	0.00189781781191517	0.00794850754166824
Sym_75561_c0_g1	57.0888300287527	-0.254861578151875	0.144354799997317	-1.76552202044277	0.0774760727021375	0.163487636501665
Sym_76402_c0_g1	53.7118233470725	-0.0715612873608782	0.126083725601891	-0.567569581397307	0.570327266889953	0.689773803649853
Sym_76645_c0_g1	326.313496928679	0.14480294578744	0.111705260819146	1.29629477363542	0.194873948491135	0.318234521389192
Sym_79288_c0_g1	138.4240726091	0.060163498100566	0.127888071225579	0.470438700998508	0.63804161967221	0.737739878024424
Sym_79448_c0_g1	52.6811766111015	0.887633144614073	0.0727638086383809	12.1988274284185	3.15332062645943e-34	5.61291071509779e-32
Sym_80796_c0_g1	42.754735352839	0.212835790390487	0.143285227531717	1.48539939571492	0.137438055656142	0.243422625938241
Sym_82427_c0_g1	51.6574724148039	0.4986530840316	0.116195926217014	4.29148508270668	1.77482127765164e-05	0.000143599176100905
Sym_82979_c0_g1	50.3712365318542	-0.248488696021562	0.168736047805493	-1.47264736405348	0.140846146344757	0.246338673941624
Sym_83072_c0_g2	54.8755698803758	-0.194235608153506	0.0836449554937662	-2.32214372052576	0.020225198193388	0.0571442107686202
Sym_84180_c0_g1	38.6820451672875	-0.298427591698812	0.0888509394996235	-3.3587443574536	0.00078297463184166	0.00387137456855043
Sym_84255_c0_g2	122.19779277933	0.0309606007489124	0.0812468630357973	0.381068260263429	0.703152598349084	0.781763665929008
Sym_84416_c0_g1	142.614378366087	-0.179479162987583	0.105598594703607	-1.69963590416467	0.0891994324697957	0.18042612476845
Sym_84654_c0_g1	63.7793061817288	-0.239302135791325	0.130731648298447	-1.83048358148918	0.067177659667645	0.146719305777188
Sym_85001_c0_g1	62.1121335321352	0.094115235185867	0.126286994159208	0.745248834311611	0.456121306002031	0.59918518426835
Sym_85763_c0_g2	59.105440303514	-0.0430974889550485	0.114881133549586	-0.375148535041625	0.707550002707751	0.781763665929008
Sym_86661_c0_g1	40.7276843579002	0.356838038669497	0.113405121474464	3.14657780909701	0.0016519330135402	0.0071718067417111
Sym_87251_c0_g1	52.585296055288	0.0549076326981191	0.146241513267863	0.375458592236717	0.707319436272736	0.781763665929008
Sym_89597_c0_g2	55.7801086574145	-0.191603813914943	0.0845880857113743	-2.26513949693484	0.0235041205376485	0.0638737932168158
Sym_89625_c0_g1	45.4464302493075	-0.134048381142896	0.109314899311446	-1.2262590185532	0.220101218001925	0.34518076479597
Sym_89763_c0_g1	68.7269803778427	0.521947078418595	0.134346769127873	3.88507354368752	0.000102298916236648	0.000662152985095391
Sym_91477_c0_g1	55.5489447089928	-0.29618871459814	0.107830600096986	-2.74679649683614	0.00601804627326683	0.0208002376046892
Sym_92614_c0_g2	74.397209572714	0.0338051679402581	0.069066132596727	0.48946084961271	0.624515465369068	0.726560476050288
Sym_92829_c0_g1	41.102987836279	0.0451032574570026	0.0838139026082826	0.538135751389596	0.590483331993117	0.696066444336257
Sym_92876_c0_g1	304.242851612959	-0.405569165009362	0.118619599375732	-3.41907380520403	0.000628346806934912	0.00328979309598987
Sym_93418_c0_g1	63.0340908276974	0.0372132873564147	0.134076531136484	0.277552581656019	0.781355836681546	0.850650391004986
Sym_94487_c0_g1	61.0495043854057	0.112578320375148	0.0898538077720917	1.25290539339963	0.210240138844698	0.334131649235324
Sym_94893_c0_g4	51.1328563519377	0.481460068339398	0.11641142433808	4.13584896050367	3.53644750786859e-05	0.000251795062560244
Sym_94907_c0_g2	53.5393941995099	0.355569392104518	0.0669116697423306	5.31401164361577	1.07237761764511e-07	1.46833243031408e-06
Sym_94934_c0_g1	117.467492437302	-0.167726299612675	0.064609994292246	-2.59598072171327	0.00943213572153007	0.0297154010342009
Sym_96651_c0_g1	44.5975301869925	-0.0914442475046018	0.163949480844922	-0.557758689038471	0.577009175558852	0.689773803649853
Sym_96774_c0_g1	87.4890834337637	-0.0968809871480781	0.0976117384865188	-0.992513694051852	0.320947002679779	0.458863987767074
Sym_97621_c0_g2	38.6520848804004	0.165743417922285	0.0985739424288864	1.68141208354182	0.0926829000627089	0.184982278456685
Sym_98005_c1_g1	41.6267868958903	0.190036824108148	0.121871165754966	1.55932556262107	0.118919344442976	0.220511414521981
Sym_98005_c2_g1	60.1743104317818	0.268725830138127	0.101423493348386	2.6495422437784	0.00806008950972652	0.0258503771663301
Sym_98024_c0_g2	48.9795935201554	-0.070256586315812	0.0834560355649705	-0.841839488782298	0.399877804929095	0.537194334168898
Sym_98887_c0_g1	146.80089657242	-0.206233084601839	0.0807310019097744	-2.55457110308536	0.0106318712652432	0.0326288462967809
Sym_99526_c0_g1	240.180584061072	-0.256780419352412	0.0817236188664779	-3.14205884313501	0.00167764316257614	0.00719567428767595
