baseMean	log2FoldChange	lfcSE	stat	pvalue	padj
Sym_100008_c0_g3	35.2252015748793	-0.611565659936762	0.152458584790716	-4.01135600711677	6.03709936996713e-05	0.000437169264721758
Sym_100100_c0_g2	106.340705829466	-0.155668600658123	0.133762118480516	-1.1637719440037	0.244516444819169	0.361628030589153
Sym_100230_c0_g1	75.8871009983174	0.0515767180549048	0.0636491866011778	0.810327999603225	0.417751687018117	0.543767691779781
Sym_100246_c0_g3	93.4650827941802	-0.877259248039437	0.252620286624411	-3.47263974624382	0.000515366627514048	0.00257683313757024
Sym_100437_c0_g1	113.544407617753	-0.232531432315945	0.0912737694544197	-2.54762604531269	0.0108458664092672	0.0312004376157001
Sym_100629_c0_g1	184.415875250849	-0.1885749846692	0.15848422770325	-1.18986594061772	0.234099087082551	0.351986694181401
Sym_100793_c2_g1	124.844292673603	-0.336788730661656	0.113897556456188	-2.95694430276214	0.00310704236490485	0.010874648277167
Sym_100802_c0_g1	147.432029328871	-0.049174183220246	0.0935463438542032	-0.525666543386094	0.599119913383144	0.705505692395105
Sym_101037_c0_g1	154.158176816567	0.0222879069399372	0.133291646794678	0.167211580589663	0.867203572711247	0.918218579532771
Sym_101057_c0_g1	206.211583778268	-0.282460204998326	0.171064609902499	-1.65119018573929	0.0986997464818441	0.181285248640122
Sym_101136_c0_g1	29.9114219260998	0.369394522804251	0.197328095819877	1.87198138850657	0.0612091784186143	0.123759751226097
Sym_101138_c0_g1	103.802112787497	0.223585840588232	0.160366368993646	1.39421901232353	0.163251478381859	0.266446713421169
Sym_101210_c1_g3	70.3552126618472	-0.0371542960842273	0.0799051011466367	-0.464980277242177	0.641945580572256	0.747243795067294
Sym_101245_c3_g1	34.5104068142616	0.0208853793114367	0.273837223143882	0.0762693218681335	0.939204832335034	0.971591205863829
Sym_101261_c1_g1	87.760895319142	-0.366994283845656	0.0804515678670558	-4.56167969842558	5.07460189432545e-06	5.15645031197586e-05
Sym_101299_c0_g1	61.5093716057145	0.418749459794497	0.135430633569431	3.09198479515211	0.00198823032816611	0.00758249419149285
Sym_101312_c0_g2	35.0916852089459	0.696012685683432	0.123711172310447	5.62611017812379	1.84318643272236e-08	4.46618251005804e-07
Sym_101326_c0_g1	193.338538183708	-0.163387275526569	0.123003537683957	-1.32831362904678	0.184074519142309	0.291651053407643
Sym_101441_c0_g1	133.967373929656	-0.337995719179163	0.138898302780133	-2.4334042419092	0.0149575912503407	0.0397656404146711
Sym_101501_c0_g1	156.126979325805	-0.0720995629711348	0.0873342225044476	-0.825559109631543	0.409054238860089	0.534709124974147
Sym_101501_c0_g2	87.1639782575397	-0.356026666597872	0.165292827673149	-2.15391479237007	0.0312468546929411	0.0715837034783743
Sym_101543_c0_g2	308.177945557891	-0.418736315613681	0.089285777599691	-4.68984340922771	2.73414206345072e-06	3.02194649118238e-05
Sym_101543_c0_g3	266.483482329964	-0.413255877979351	0.132323347114793	-3.12307606321992	0.00178971488729773	0.00696000233949116
Sym_101592_c0_g2	216.906726217139	-0.271252314512412	0.118919665702424	-2.28097104806176	0.0225501601389448	0.0546407726443663
Sym_101592_c0_g3	130.553292852716	-0.2073430540486	0.171099793270425	-1.21182527509482	0.225579271023291	0.344103972747394
Sym_101757_c0_g1	152.655837890226	-0.0971582630132989	0.117911547049681	-0.823992776316995	0.40994366248018	0.534709124974147
Sym_101757_c0_g2	34.6035139916701	0.281046915607789	0.120367074372929	2.334915233854	0.019547849371998	0.0482946866837597
Sym_101806_c0_g1	111.217531877909	-0.430883963125509	0.164756945775488	-2.6152703978421	0.00891568419347023	0.0260040788976215
Sym_101851_c0_g1	351.166020634042	-0.369820151798427	0.138107056102628	-2.67777883501919	0.00741121368927071	0.0221282683613296
Sym_101880_c0_g1	155.135404688041	-0.184952080834861	0.1032166900076	-1.79188153409341	0.0731519445340143	0.138812424868762
Sym_101971_c0_g1	46.733151344385	0.0876657562810237	0.150390985221357	0.582918957223338	0.559947858253031	0.673655699197928
Sym_101976_c0_g1	143.740440083196	-0.523934197642535	0.150147700301927	-3.48945869026947	0.000483999859093787	0.00247902366852915
Sym_102048_c0_g1	40.3533695912389	-1.0761241511026	0.216837024211501	-4.96282475290271	6.94752645800574e-07	9.9475947012355e-06
Sym_102230_c0_g1	45.4557332562847	-0.215344044939411	0.195823812633052	-1.09968262819465	0.271470426308145	0.389581705180254
Sym_102324_c0_g5	66.80075731971	-0.308213980317384	0.0919776509532484	-3.35096599144554	0.000805301916310727	0.00362385862339827
Sym_102382_c3_g3	652.757883250741	-0.253467466389712	0.0779295485945952	-3.25252065437078	0.00114386282252769	0.00490226923940437
Sym_102395_c0_g1	178.731049468121	0.00114506909150579	0.0919842709583575	0.0124485314671264	0.99006776546471	0.994804931806646
Sym_102471_c7_g1	232.199080318066	-0.49723584498249	0.199365720582605	-2.49408897141104	0.0126280886804123	0.0347410299941472
Sym_102539_c1_g2	66.1626223141336	-0.0152924083191399	0.104345290363908	-0.14655580779743	0.88348263720144	0.933882653417629
Sym_102539_c1_g5	255.625454662439	-0.0715708574032315	0.113968378099915	-0.627988733335188	0.530011320688055	0.650891095581821
Sym_102539_c1_g6	35.8791595825575	0.0979337096250995	0.118775547826414	0.824527534642278	0.409639877193523	0.534709124974147
Sym_102539_c1_g8	46.8331933454583	0.159852172465186	0.156964097768881	1.018399587787	0.308488098020557	0.429023182677595
Sym_102539_c1_g9	76.4872255953795	-0.303409533388434	0.183933353206903	-1.64956234472132	0.0990324819606078	0.181367626846462
Sym_102575_c0_g1	37.7042425040144	0.354853933478029	0.14768106310859	2.40283978195027	0.0162683133046418	0.0420042515652636
Sym_102636_c0_g1	319.183816610628	-0.197975538714529	0.0547725184283943	-3.61450494509119	0.000300922072799091	0.00172346278057661
Sym_102664_c0_g1	133.050490381608	0.0526142780961874	0.209769762279979	0.250819172049989	0.801953918140469	0.866605434697248
Sym_102695_c0_g1	93.0161563480633	-0.408481791322709	0.179472927457609	-2.27600784758577	0.0228455399243335	0.0551444067139086
Sym_102764_c1_g1	34.6113223284104	-0.0110232932657783	0.209398539849793	-0.05264264628438	0.958016637237996	0.979556971127885
Sym_102774_c0_g1	294.628339958715	-0.243848893333131	0.133834122290067	-1.82202333127438	0.0684514456032119	0.132690494553918
Sym_102785_c0_g1	37.7256553073213	0.146870232483085	0.126358998044102	1.16232507978438	0.24510344295487	0.361628030589153
Sym_102797_c0_g2	79.2530765976722	-0.136141672727771	0.118160822164016	-1.15217269340591	0.249250116263702	0.365390460490257
Sym_102806_c2_g3	71.3175713132879	0.0679036488990249	0.0903967303842356	0.751173727306256	0.452548109513826	0.574809090713126
Sym_102806_c2_g4	135.367051571976	-0.0243856187127195	0.192905200677033	-0.126412448327645	0.899405448860363	0.944375721303381
Sym_102873_c0_g2	54.7537234034068	0.00612532218748604	0.187221422723384	0.0327169941259131	0.973900271793027	0.986426320304834
Sym_102902_c2_g1	106.20754862875	-0.313579586393337	0.22269562598535	-1.40810842155456	0.159098967707347	0.262388349883845
Sym_102979_c12_g1	52.092459592595	0.481330342697572	0.149674598333278	3.21584522729636	0.0013006095558188	0.00539068434319634
Sym_103005_c0_g1	216.99054033664	-0.163835530807881	0.140892190180191	-1.16284323920543	0.244893110237597	0.361628030589153
Sym_103012_c3_g1	51.9628495360693	0.0939038882490825	0.143184659628934	0.655823664996212	0.511937588048444	0.632393491118666
Sym_103093_c3_g10	35.2616838574895	0.569450536633396	0.184635722407855	3.08418397700688	0.00204111331096978	0.00765417491613668
Sym_103171_c0_g1	190.827101016968	-0.431890475564165	0.132626167077043	-3.25644995314747	0.00112814816649508	0.00486803660884863
Sym_103230_c4_g2	29.237948574263	0.545572200895573	0.178359557907174	3.0588335567613	0.00222200564302636	0.00818633657957081
Sym_103259_c1_g1	61.6124934633963	0.0067142943247635	0.11801818959308	0.0568920295076038	0.954631203562371	0.979507586717091
Sym_103259_c1_g2	52.7290285009	0.295165841182206	0.213648295013921	1.38155018350591	0.167109858995935	0.269946695301126
Sym_103259_c1_g4	208.88169957032	-0.110174800582066	0.120373204953351	-0.915276789587539	0.360046340800124	0.483644338388226
Sym_103259_c2_g1	72.0411469446847	0.324727887534308	0.0945619650645079	3.43402220240227	0.000594695482897466	0.00288198580173388
Sym_103301_c0_g1	280.349477543305	-0.272547435897719	0.156840560676617	-1.73773566430735	0.0822574014592512	0.154232627736096
Sym_103490_c0_g1	99.5422184734046	-0.221004101797474	0.166445794097036	-1.32778423748354	0.184249395644829	0.291651053407643
Sym_103496_c0_g1	123.014687824609	-0.493501437658581	0.121439780502565	-4.06375436134913	4.82896449216938e-05	0.000362172336912703
Sym_103610_c0_g1	44.191708338766	-0.701648625584918	0.131520455166648	-5.33490113530909	9.55966291188482e-08	1.94277020467337e-06
Sym_103660_c1_g1	125.992304155578	-0.0842042686580413	0.137888281444617	-0.61067023082641	0.541417917767915	0.661033504251524
Sym_103688_c0_g1	38.1431554728884	0.0451122750723771	0.110374532731311	0.408719964252947	0.682745181006943	0.780100957881037
Sym_103755_c0_g1	168.007688117053	0.0344918467969852	0.111170393824645	0.310261083102674	0.756362423039714	0.834515457994781
Sym_103763_c6_g1	112.273567814616	0.138338319383111	0.122207473017321	1.13199558069172	0.257636292381656	0.373988166360468
Sym_103763_c6_g2	80.6994808355708	-0.0517890039847836	0.213231880473849	-0.242876458575034	0.808101102942854	0.871752902147257
Sym_103766_c9_g1	38.7233675053801	0.102304388157952	0.0946418615395384	1.08096339710322	0.279713395879485	0.398686514488859
Sym_103784_c0_g1	26.135626747234	-0.384622930360858	0.170338421939629	-2.2579928003394	0.0239461083005224	0.0571441220807921
Sym_103894_c0_g1	76.3348354531942	-0.150584566407184	0.182620071282839	-0.824578401209585	0.409610987909661	0.534709124974147
Sym_103894_c0_g2	57.1333324743082	-0.275506628729564	0.0997436906246607	-2.76214592626521	0.00574228071877375	0.0179981932976491
Sym_103894_c0_g4	45.4367686902865	-0.099893730763457	0.167450787320763	-0.596555754450436	0.550804019092016	0.667320253899943
Sym_103894_c1_g3	75.5922871698249	0.131354862432324	0.288738971746149	0.454925989512103	0.649162484682061	0.751787436304592
Sym_103894_c1_g6	36.129035733514	-0.27155575281501	0.258868097445363	-1.04901204704193	0.294172573836661	0.412758845249658
Sym_104048_c2_g7	67.2095054711417	0.821674966237276	0.234307616585361	3.50682140944372	0.000453493398158758	0.00236265357344261
Sym_104103_c2_g4	40.186015745604	0.633320630261408	0.223745153093678	2.83054457942268	0.00464688349606794	0.0153274167671351
Sym_104174_c0_g1	84.2402298317046	-0.302657352550306	0.129013782076685	-2.34593039347075	0.0189796515930678	0.0472615830183112
Sym_104246_c3_g1	35.2838214820698	0.219309572425755	0.0985147889308595	2.22615888239554	0.0260035410177135	0.0615873339893215
Sym_104246_c3_g2	57.7201109756156	0.101053376210782	0.160232337466522	0.630667802820361	0.528257755511268	0.650004660101755
Sym_104246_c5_g1	100.119860263656	-0.239957397608514	0.139523358276298	-1.71983673969003	0.0854621222223397	0.159765985163424
Sym_104246_c5_g4	58.829691905168	0.105713007350904	0.0991012212120841	1.06671750416345	0.286099420412134	0.405951880314515
Sym_104264_c2_g1	45.9330013779387	1.20009023875178	0.224074571217318	5.35576273662875	8.51962465269525e-08	1.789121177066e-06
Sym_104297_c1_g1	28.1999788947301	0.690124798762554	0.144140654840107	4.78785669128603	1.68571950724147e-06	2.1673536521676e-05
Sym_104366_c3_g1	32.2677854735913	0.996578923369135	0.243344642664909	4.09533948417942	4.21550214522948e-05	0.000323873945304216
Sym_104397_c2_g9	156.390020997235	-0.802161648322656	0.164883133763907	-4.86503155302262	1.14438549116883e-06	1.53396353071567e-05
Sym_104561_c0_g1	35.4505378217521	-0.245784492793241	0.159485707064756	-1.54110670678123	0.123290817839068	0.216359931026776
Sym_104594_c0_g1	106.422013307125	-0.0889658699756872	0.110224208108261	-0.80713548777149	0.419588428373139	0.543910925668884
Sym_104762_c1_g5	45.4029437054048	0.525261811958503	0.184718780305395	2.8435755752073	0.00446104283085237	0.0147918788601947
Sym_104781_c1_g2	90.5298922098278	0.333968145309718	0.273468342237826	1.22123146897668	0.221998392483257	0.34028950672616
Sym_104866_c10_g1	101.381393100122	-0.286541720164948	0.20240083580575	-1.41571411513315	0.15685922398649	0.25937351997766
Sym_105077_c3_g2	85.9771375673034	0.419849657951031	0.219445868995274	1.91322652767764	0.0557190588665919	0.116235122801168
Sym_105147_c1_g1	54.2923933533143	0.858974880334363	0.235090846523291	3.65379976735615	0.000258387799124284	0.00150726216155833
Sym_105147_c1_g2	37.4263041719961	0.535127250569767	0.327920325810704	1.6318819190204	0.102704363686629	0.187005055267562
Sym_105388_c1_g2	46.8665160168001	-0.0878447176312176	0.190780382564999	-0.4604494259324	0.645193664647291	0.748567235226139
Sym_105514_c6_g1	41.1538499976134	-0.789580880279736	0.222921309979322	-3.54197129181134	0.000397148694713969	0.00215692825577414
Sym_105558_c0_g1	63.4169260902802	-9.58443181129666e-05	0.0828020347495417	-0.001157511628825	0.999076439548647	0.999150747659854
Sym_105819_c0_g1	76.0055574640041	-0.209309061747214	0.0828693114901832	-2.52577290656034	0.0115444078541498	0.0327563359870004
Sym_105892_c6_g1	37.1831160661423	-0.124819731340839	0.157626960020076	-0.791867909683353	0.428437700063369	0.553660442248284
Sym_105943_c4_g1	68.8900353573	-0.168178187426637	0.13141079469713	-1.27978974493112	0.200619091486733	0.312420936829187
Sym_105943_c4_g3	35.1387502867321	-0.189462190019308	0.0951090669454226	-1.99205182117945	0.0463653723565381	0.0996934627461399
Sym_106073_c6_g1	49.1980843065375	-0.452370801742617	0.218855763070334	-2.06698144657601	0.0387359022466455	0.0853273371167367
Sym_106193_c0_g1	30.7166791242853	-0.0396734623420808	0.199956674520983	-0.198410292815294	0.84272406502542	0.899857899942398
Sym_106346_c4_g1	37.9364837064293	-0.140066544778283	0.095897685079387	-1.46058316905493	0.14412986800567	0.241964733206871
Sym_106483_c3_g1	41.9249522785721	1.0186983404083	0.139758491390451	7.2889906743649	3.12285665426122e-13	2.45924961523071e-11
Sym_106497_c4_g4	96.0053878856147	0.385357306288331	0.207650418503879	1.85579836084526	0.0634823043116053	0.126423513080239
Sym_106514_c0_g1	51.7360109328462	-0.360545169536517	0.0963515862228824	-3.74197440509694	0.000182580114635087	0.00112770070804025
Sym_106542_c2_g2	30.4437400175532	0.761853528017236	0.243287729727453	3.1314917890463	0.00173920649350216	0.00680559062674759
Sym_106555_c2_g4	33.3748477110182	-0.929277385043326	0.324456777248951	-2.86410224783286	0.00418192996834177	0.0140139142556134
Sym_106636_c7_g3	42.5448779746052	0.154336194663932	0.113373365125934	1.36130910900013	0.173416025577388	0.277289584045062
Sym_106752_c2_g1	160.301117356168	-0.0936429639525867	0.08075029732758	-1.15966091830851	0.24618688791581	0.362377895763926
Sym_106752_c4_g4	83.5588617507251	-0.0575749201712171	0.0922247930508925	-0.624288960338957	0.532437832695349	0.652598899996245
Sym_106900_c1_g4	47.1883580507835	-0.316653405923872	0.0885858464003284	-3.57453722903864	0.000350847890837267	0.00197351938595963
Sym_106992_c0_g1	128.152783627432	-0.0879221877022069	0.102250238108166	-0.859872693980406	0.389859222069043	0.5192628116353
Sym_107127_c2_g8	62.7789853196073	-0.123576746325943	0.23119380194402	-0.534515827357106	0.592984702094625	0.702218726164687
Sym_107192_c0_g1	31.5167250672607	0.896794076038862	0.254064032151012	3.52979549464845	0.000415880997091271	0.00220172292577732
Sym_107242_c3_g1	67.4037459964868	0.338488188335085	0.139531146631836	2.42589698791921	0.015270604066811	0.0400853356753788
Sym_107300_c1_g1	46.5831636546188	-0.155442982986525	0.129348151585193	-1.20174104601831	0.229463872926886	0.34817570398336
Sym_107369_c2_g3	154.157443173469	-0.04627670268566	0.117022403651622	-0.395451650637998	0.692509597010037	0.783269382614584
Sym_107369_c3_g5	35.6537465173073	0.638228870947408	0.241803273879413	2.63945504420959	0.00830394359797993	0.0244461890968568
Sym_107499_c4_g1	77.5446566552953	-0.313842340504162	0.203023976903429	-1.54583879840678	0.122143504276575	0.214945272888944
Sym_107578_c2_g1	66.2906059459041	0.209406113079357	0.179421082948478	1.16712099625154	0.243161509833483	0.361301299988431
Sym_107578_c2_g2	212.929757662884	-0.209670953476274	0.105806675331764	-1.98164201661981	0.0475193210698455	0.10182711657824
Sym_107647_c1_g2	68.43834475375	0.0920304854725982	0.0871085400321798	1.05650359239863	0.290738200459715	0.410684005133678
Sym_107783_c2_g1	58.8352477269263	0.911923637353602	0.175352114859817	5.20052830889794	1.98722847204447e-07	3.38365929023788e-06
Sym_107887_c2_g1	67.2932437699187	0.879046742319232	0.232341546983595	3.7834246768672	0.000154685151472091	0.000984360054822396
Sym_108316_c1_g1	157.324421321655	-0.298272867094145	0.15099301106903	-1.97540843104177	0.0482218167949744	0.102982185019776
Sym_108329_c1_g2	54.5092531845667	0.294773710292451	0.104244246847511	2.82772161732482	0.00468805539384449	0.0153826817610522
Sym_108395_c0_g2	187.707528919208	-0.245069617794321	0.114338763896289	-2.14336424011555	0.0320838621838003	0.0729705168801234
Sym_108429_c4_g2	282.874406862102	0.328267508101034	0.157752291018731	2.08090485394001	0.0374426157835245	0.0833528195887648
Sym_108429_c4_g6	40.8470928507538	0.384955342668232	0.137645720302633	2.79671130945339	0.00516256395187202	0.0164981467598492
Sym_108429_c4_g9	29.4364035067345	0.497491368328428	0.12854109558111	3.87029040074198	0.000108705784225979	0.000706027258374913
Sym_108771_c2_g1	130.996367893363	-0.157827544208816	0.0844007864333861	-1.86997717531202	0.061486987513918	0.123759751226097
Sym_108872_c3_g1	23.3589109736586	-1.5060574250616	0.218650220871712	-6.88797577728148	5.65918439656389e-12	2.97107180819604e-10
Sym_108903_c2_g1	33.8191781264715	0.596264725691603	0.113306652676324	5.26239820529262	1.42188391540369e-07	2.55939104772664e-06
Sym_109060_c1_g1	30.7569431535313	-0.281542292355832	0.179476165133989	-1.56868903536938	0.116720414711519	0.207324648618213
Sym_109060_c7_g1	67.3648267315003	0.363544916311673	0.133495788769489	2.72326879868411	0.00646394415702595	0.0196437721403405
Sym_109253_c1_g1	83.977954127546	-0.256507546714656	0.174028404695492	-1.47394068895525	0.140497561133359	0.237939418048431
Sym_109253_c1_g2	155.824958390612	-0.338797896496515	0.105070001249742	-3.22449693030099	0.00126194209501334	0.00526505642290335
Sym_109253_c1_g3	45.1631327683261	-0.084621321437383	0.112358329144644	-0.753137947863629	0.451367022893703	0.574467120046531
Sym_109358_c2_g1	55.5285902778939	0.00596823245795197	0.143433933627566	0.0416096268645105	0.966809898761687	0.98240360680623
Sym_109469_c0_g1	41.4057212625489	0.162862076834329	0.10267101133893	1.58625180282583	0.112682200810956	0.201675529860518
Sym_109489_c3_g1	128.545186867971	-0.614079821796672	0.153282983128607	-4.00618391724179	6.17076073072158e-05	0.00044177037049484
Sym_109725_c2_g2	56.3859916350788	0.0132739953493772	0.221441866777783	0.0599434765544931	0.952200652847078	0.979507586717091
Sym_109973_c6_g1	60.3919697535358	0.793219883427491	0.159489946738171	4.97347889099049	6.57619376370946e-07	9.63488853752781e-06
Sym_110125_c3_g1	87.0513474395057	-0.111785801930724	0.0633776129010678	-1.7638058111343	0.077764678803165	0.147122365303285
Sym_110246_c0_g1	34.6131491300951	0.104806179881728	0.113853460376584	0.920535744237103	0.357292862965836	0.481699960115701
Sym_110573_c2_g1	122.40813157295	-0.198502739943799	0.144454823565949	-1.37415099782511	0.169394809865496	0.272241658712405
Sym_110573_c2_g2	39.5471758885597	-0.265153451904244	0.224821790234772	-1.17939391741056	0.238241356063403	0.355668375165745
Sym_110573_c3_g1	86.0411106668186	0.0456650038291221	0.158265586908884	0.288534006166559	0.772938003639977	0.843935775204828
Sym_110573_c3_g3	49.4733798022833	-0.234737691909625	0.0893026488474579	-2.62856359737539	0.00857463204337557	0.0251256659875656
Sym_110573_c3_g4	73.3710525403475	0.00500074214369526	0.254539470150852	0.0196462345927395	0.984325581068117	0.993790250116849
Sym_110707_c7_g1	430.031748249714	0.516510257568356	0.285526868886719	1.80897251310271	0.0704552737328585	0.135325678206405
Sym_110716_c0_g1	131.21033234908	-0.341770200368599	0.199851973987219	-1.71011671063332	0.0872442932735487	0.161658543418634
Sym_110740_c0_g1	111.136284525117	-0.314274902112797	0.114626265131941	-2.74173551542528	0.00611155299831918	0.0187818457997126
Sym_110848_c2_g1	26.9264975283435	1.15846964985744	0.113524185687379	10.2046065588844	1.89085938635654e-24	1.19124141340462e-21
Sym_111108_c5_g1	35.5491937752116	0.104145218234784	0.264624800123121	0.393558042127303	0.693907363723072	0.783443797751856
Sym_111127_c1_g1	87.9253281805496	0.343591118316018	0.101056093914885	3.40000394835574	0.00067384880093983	0.00314462773771921
Sym_111127_c1_g2	136.853146284668	0.509540082674396	0.17402977309729	2.9278902891492	0.00341270442326605	0.0117486545718995
Sym_111191_c0_g1	32.6458310821101	-0.0912985611560185	0.304267108412502	-0.300060567283674	0.764130956793827	0.83868031843225
Sym_111423_c4_g1	63.3690993477264	0.460437683213098	0.150964012164022	3.04998308280806	0.00228854256632426	0.00838245242316444
Sym_111553_c2_g1	54.6795385394257	-0.173678076728707	0.219531178406455	-0.791131710718319	0.428867136217718	0.553660442248284
Sym_111600_c1_g1	45.3783415382144	0.103497296057132	0.122705130288781	0.843463478776771	0.39896928282887	0.526942510582232
Sym_111787_c1_g1	1008.38003211686	-0.534969612914024	0.145734957068932	-3.67083933514308	0.000241755276163926	0.00142901242224142
Sym_111886_c4_g1	32.0968919279571	1.09939891552629	0.563374859519697	1.95145185651979	0.0510033179047436	0.107825806308686
Sym_111971_c4_g1	28.2280213181673	0.233449795734916	0.127646449851161	1.82887809263105	0.06741787277831	0.131090308180047
Sym_112013_c3_g1	261.977905484641	-0.0234864540376731	0.0675627270567985	-0.347624423418086	0.728122261704036	0.811888539599191
Sym_112123_c0_g1	32.1202669207875	0.378985056958561	0.109794432870128	3.45176933885938	0.000556923603757817	0.0027411083622455
Sym_112123_c0_g2	43.2918401189677	0.0941543297374166	0.217986174574407	0.431927987732442	0.665793752527796	0.766819129968028
Sym_112389_c0_g1	49.1088385056362	0.196438858011617	0.0843833953605821	2.3279326124791	0.0199156822076182	0.0490112491828103
Sym_112403_c2_g7	36.4376444554037	-0.248085243595218	0.132992444745332	-1.86540855061563	0.0621241597421775	0.124644014769337
Sym_112513_c2_g1	76.8258798406518	-0.70040454504026	0.124376627657358	-5.63131963160945	1.78835940392201e-08	4.46618251005804e-07
Sym_112519_c1_g1	36.9297633483506	0.22843774657635	0.0875632240882731	2.6088320634021	0.00908518167134869	0.0263763338845607
Sym_112519_c1_g6	43.4896690679739	-0.191411258315261	0.101127901929101	-1.89276406079755	0.0583892529460458	0.12100404393424
Sym_112965_c2_g1	32.2654275501838	0.201490935834808	0.138455521634278	1.45527555316309	0.145592991759236	0.243298633443816
Sym_113175_c1_g1	117.714861995539	0.0680849947515852	0.117227576397264	0.580793332456663	0.561379749331607	0.673655699197928
Sym_113215_c4_g5	89.2959350643623	0.181708197744928	0.162582471876455	1.11763707149813	0.263722029058057	0.38106623464811
Sym_113244_c2_g3	55.8168887728279	0.136727983884416	0.253657959933166	0.539025008008586	0.589869598940793	0.700773168176524
Sym_113270_c1_g1	303.715800648711	-0.323561559478461	0.149415202458796	-2.16551966703448	0.0303479109351048	0.070161358760997
Sym_113516_c10_g2	50.6981944599118	0.793741127120702	0.200542934339417	3.95796107070671	7.55922738578458e-05	0.000526346880047557
Sym_113535_c0_g1	44.4538429066324	-0.462021904289624	0.105882650832888	-4.36352793073552	1.27981592015421e-05	0.000110449867081802
Sym_113535_c0_g2	53.3572532892103	-0.327373226775125	0.177146103010553	-1.84804080480181	0.064596440082099	0.127174241411632
Sym_113560_c0_g1	26.5593987854951	0.171005271491175	0.124960054403361	1.36847948976705	0.171162037715386	0.274381892520848
Sym_113653_c1_g2	50.7187843055508	0.227163604286475	0.216484015915248	1.04933199491	0.294025345343796	0.412758845249658
Sym_113764_c0_g1	328.987890793008	1.03052171055115	0.144012882938932	7.15576057864307	8.32102625823982e-13	5.24224654269109e-11
Sym_113783_c0_g1	326.637877184714	-0.0536996889033162	0.0954840606812719	-0.562394273140174	0.573847420058645	0.686003557185856
Sym_114475_c0_g3	240.073799117437	-0.405542239819516	0.130178783973612	-3.1152713786428	0.00183775747546146	0.00710298901558725
Sym_114698_c0_g1	340.771133930445	-0.59520615445154	0.117546226696844	-5.06359218136876	4.11429298340291e-07	6.48001144885958e-06
Sym_114890_c0_g1	110.568328642151	-0.64286197950152	0.193065242738673	-3.32976547400444	0.00086919161413563	0.0038293057126255
Sym_114907_c1_g1	147.666922008352	-0.366338396532108	0.180489342604626	-2.02969544486955	0.042387506216383	0.0930457453530358
Sym_114907_c2_g1	137.620699139958	-0.13711812906435	0.0953874229431421	-1.43748646135541	0.150579817016745	0.25030418132071
Sym_114907_c3_g1	145.618424728492	-0.28904236653632	0.155530740825932	-1.85842596133335	0.0631085484121113	0.126217096824223
Sym_114907_c3_g2	210.198649245688	-0.466078758193528	0.212976590492886	-2.18840369786601	0.0286402091654027	0.0666740674991865
Sym_114958_c5_g1	33.6098029101654	-0.241414213661761	0.162590764558166	-1.48479659541423	0.137597714067333	0.234287999628161
Sym_114970_c0_g2	83.30670778123	0.179242206433978	0.0892980406830761	2.00723560184393	0.0447245824739561	0.097626016068479
Sym_115069_c1_g1	47.1991997366913	-0.235239317340064	0.146759542270304	-1.60288941830301	0.108959070305866	0.196688293102279
Sym_115147_c3_g1	76.5494381053791	0.266728113996479	0.146743123007925	1.81765324690598	0.0691171477755861	0.133161477365808
Sym_115171_c4_g3	32.6774407959859	0.663883652399038	0.214823812097087	3.0903634281427	0.00199911717987177	0.00758249419149285
Sym_115306_c0_g1	60.4171725468316	0.485908723903968	0.136280428926479	3.56550627064806	0.000363154478326793	0.00202466656058301
Sym_115621_c9_g1	29.7623186040402	-0.561178894097013	0.125273786463706	-4.47961947936807	7.47762245755333e-06	7.24754176655169e-05
Sym_115874_c4_g1	46.3892605088773	0.908266801332202	0.259912431844225	3.49451080461037	0.000474931385757125	0.0024525145330081
Sym_116433_c1_g2	85.9736508742391	-0.290052459168945	0.0757216412407417	-3.83050940809354	0.000127878243567543	0.000822074422934205
Sym_116556_c1_g3	42.7322060983096	0.28427641684476	0.197753747181235	1.43752733334671	0.150568211963513	0.25030418132071
Sym_116663_c1_g1	34.8639839477264	-0.142717821567058	0.23555959349081	-0.605867158505798	0.54460296914316	0.662354962471411
Sym_117034_c8_g6	31.2240762322773	-0.058323949772416	0.25287228104464	-0.230645879933831	0.817589921393236	0.877481516997851
Sym_117295_c0_g3	52.191432957375	-0.0188287400166927	0.154519746966412	-0.121853293099072	0.903015206590395	0.946588319720381
Sym_117295_c0_g5	121.800124702959	-0.259734830765241	0.122758735823771	-2.11581545722424	0.0343605059461125	0.0776329158701491
Sym_117295_c0_g7	86.4599967855684	-0.148551539563452	0.070265786326809	-2.11413758144729	0.0345035181645107	0.0776329158701491
Sym_117309_c3_g2	60.8376587733579	-0.142448715378831	0.187949397731192	-0.757909932664762	0.448504903642941	0.571979937844237
Sym_117355_c0_g1	30.9790831279857	-0.647502999736173	0.125211996595022	-5.17125369249095	2.32528623381836e-07	3.85507980869886e-06
Sym_117444_c0_g1	308.824839334835	-0.101658668215153	0.109310324830407	-0.930000604909682	0.352370771291906	0.477405561105162
Sym_117760_c6_g1	48.8998311049276	-0.164788532316285	0.144897959008857	-1.13727297087885	0.255424190361668	0.372493610944099
Sym_117960_c0_g2	56.8233031004743	0.242284895835025	0.163143230636644	1.48510541865293	0.137515900918392	0.234287999628161
Sym_117960_c0_g3	103.824140150035	-0.103077972618499	0.0744114378882985	-1.38524366070217	0.165977974443992	0.26880751645171
Sym_118341_c1_g2	384.26080412631	0.0684426709272988	0.172861664927496	0.395938977887352	0.692150045620038	0.783269382614584
Sym_118341_c1_g3	57.3510959891138	-0.124429785309308	0.150496702385062	-0.826794098058983	0.408353775810798	0.534709124974147
Sym_118541_c1_g1	143.162033690169	-0.350695897871638	0.104361418931007	-3.3603979465197	0.000778302786915176	0.00352974680097246
Sym_118609_c3_g4	43.3007250124104	0.887253538165106	0.637908551611195	1.39087888996648	0.164262155210148	0.267403508481636
Sym_118811_c2_g1	79.7828303296636	0.335369017429358	0.0765750589203611	4.37961161450944	1.18891014814691e-05	0.000104029637962854
Sym_118868_c0_g1	61.2893657751845	-0.0699664528019894	0.130075301047454	-0.537891915210441	0.590651670320213	0.700773168176524
Sym_118905_c5_g1	43.5434656290472	-0.355027691070289	0.14848179015027	-2.39105206578521	0.0168001702241847	0.0430248261838876
Sym_118905_c5_g3	58.0241489871565	-0.125873244798501	0.131258726078697	-0.958970489497457	0.337573611957745	0.461816953423843
Sym_119017_c0_g5	134.601475841395	0.040310921846515	0.154210719624721	0.261401554604074	0.79378285830378	0.860728400570363
Sym_119054_c0_g1	136.228549801941	0.321000134602993	0.160805647618744	1.99619938327076	0.0459122245686632	0.0992528573408047
Sym_119250_c0_g3	250.293384312492	-0.433785833021457	0.119519892613672	-3.62940280095129	0.000284077671013545	0.00164191681411499
Sym_119275_c3_g2	225.167490231913	-0.265951617488884	0.0889912410196372	-2.98851453740484	0.00280337163689844	0.00992204568115741
Sym_119480_c3_g1	55.9679480481569	0.421516471656795	0.166433246545552	2.53264585295119	0.011320526241447	0.0323579861509416
Sym_119833_c0_g1	46.1648382382245	0.335375181714267	0.177069545427009	1.894030850452	0.0582209150903662	0.12100404393424
Sym_119843_c0_g1	37.4265937018944	0.432385254391136	0.190243245486925	2.27280213436462	0.0230381063728324	0.0553969733392534
Sym_119843_c6_g1	44.3447924962504	0.0253469420662779	0.106201264867552	0.238668928264545	0.81136231218087	0.873774797733244
Sym_119993_c0_g1	36.5888913746453	-0.272146610416147	0.112721093057365	-2.41433615514754	0.0157639110990326	0.0410382809602915
Sym_119993_c5_g1	53.9009664571837	0.759380443150386	0.23010263718579	3.30018139921293	0.00096622352648569	0.00422722792837489
Sym_120482_c0_g1	914.556346285588	-0.527441979219549	0.133715577152093	-3.94450661959613	7.9964444833393e-05	0.000541694626290727
Sym_120595_c3_g2	130.230539197388	-0.0766659186391997	0.104207400038302	-0.735705128532339	0.46191016790434	0.584344188312719
Sym_120676_c2_g1	70.6092359177431	-0.105614925733387	0.13925601691603	-0.758422710000902	0.448197966719421	0.571979937844237
Sym_120719_c3_g1	30.6296650613192	-0.572614926965632	0.197297814622296	-2.90228722533921	0.00370448716531302	0.0126152806170119
Sym_120754_c1_g1	31.7240763145902	0.0373878876512431	0.139387259087329	0.268230309542272	0.788522045892935	0.856498084331982
Sym_120913_c7_g2	96.3310170929852	-0.328482674584534	0.332816898311258	-0.986977152456153	0.323653839329057	0.446174876974411
Sym_120986_c2_g1	57.9605155372336	0.584275621359234	0.190719128653203	3.06353969570436	0.00218735183271248	0.00810606855652273
Sym_121225_c2_g1	85.2041806288985	-0.410741642520348	0.0777758626041795	-5.28109401512798	1.28414770362667e-07	2.38741310195297e-06
Sym_121495_c10_g2	68.8257913429242	0.556355552398443	0.192873584849523	2.88456064542224	0.00391960256170257	0.0132760731928636
Sym_121495_c10_g3	87.904762968141	0.0991403021914273	0.150517481853212	0.658663040138496	0.510112171782528	0.632264690126929
Sym_121548_c0_g1	31.0921273256031	-0.1649360296729	0.166002577757824	-0.993575111306527	0.320429766094991	0.443671983823834
Sym_121618_c0_g2	52.2365292865373	-0.203159054323615	0.0855851220673677	-2.37376601699183	0.0176077044737861	0.044371415273941
Sym_122045_c4_g1	43.3633808212558	-0.0301344317566603	0.119973103420639	-0.251176562891814	0.801677603931747	0.866605434697248
Sym_122621_c3_g1	49.4685423525171	0.238265837039111	0.095300568896646	2.50015125615369	0.0124140291273689	0.0343019225887826
Sym_122968_c2_g6	59.9638376649267	-0.171796019417503	0.101848837018616	-1.68677448311071	0.0916467237560493	0.169317994036103
Sym_123107_c1_g2	48.5073614884794	1.02653351573129	0.151881568805539	6.7587760898467	1.39162262275946e-11	6.74401732568046e-10
Sym_123211_c0_g1	34.8988480196415	-0.045496523139551	0.149950433622576	-0.303410413964292	0.761577110311657	0.83868031843225
Sym_123848_c1_g2	92.9204637497249	0.449492697663245	0.297410073780948	1.51135666639964	0.130697603618658	0.226207390878447
Sym_123931_c0_g2	48.2198865917622	0.608925652048558	0.17555707149932	3.46853388956717	0.000523306519460161	0.00259592997842442
Sym_123942_c3_g1	149.931093010853	-0.245619841714654	0.113460926132452	-2.1647967285929	0.0304032554630987	0.070161358760997
Sym_123942_c3_g2	37.5966321985396	-0.270498854312263	0.140849190982448	-1.92048567993529	0.0547965802554086	0.115072818536358
Sym_124087_c4_g1	162.427933076521	-0.11587298526884	0.12601742418242	-0.919499712207292	0.35783425608595	0.481699960115701
Sym_124370_c1_g1	40.9262695318429	0.0109540567900995	0.167850814292542	0.0652606711279222	0.947966455454017	0.979047322845952
Sym_124424_c0_g1	30.4359130001548	0.177200385483657	0.115772093561095	1.53059670973425	0.125869095416664	0.219660748234067
Sym_124628_c1_g1	43.8837817559529	0.362052045765962	0.231808778411048	1.56185649330313	0.118321799664055	0.209389701652682
Sym_125225_c1_g1	44.225788461328	0.395410770246672	0.135775634654096	2.91223658246214	0.00358850728709931	0.0122867369069161
Sym_125225_c1_g2	311.958324761242	0.213021980800615	0.171431685699081	1.24260564744453	0.214013187814537	0.330461540007741
Sym_125225_c1_g3	78.1817464953679	-0.319201075277724	0.141292213383046	-2.25915545970226	0.0238737163188888	0.0571441220807921
Sym_125444_c1_g1	47.0884044458422	0.259570970708373	0.202041861121832	1.28473856490488	0.198883657042382	0.311683343126121
Sym_125492_c0_g1	40.1047208669551	0.0927986036669062	0.110021235436249	0.843460840072804	0.398970758012261	0.526942510582232
Sym_125580_c6_g3	37.7873241248591	0.00460201180865053	0.26682818146692	0.0172470980514518	0.986239488955229	0.994127705537295
Sym_125797_c5_g1	342.863749352075	-0.249318985752664	0.106536431941688	-2.34022278772324	0.0192722396565996	0.0478012243451092
Sym_125914_c2_g1	39.624633248462	0.424309728717261	0.122105717256609	3.47493744150866	0.000510972498543045	0.00257530139265695
Sym_126375_c0_g3	233.413975870821	-0.169120282560087	0.0785025183463712	-2.15432939124181	0.0312143495227688	0.0715837034783743
Sym_126392_c0_g1	36.1574469257347	-0.471187773066405	0.117432630579137	-4.01240924896828	6.01021872298139e-05	0.000437169264721758
Sym_126811_c0_g5	231.270966143599	-0.399489370993263	0.164616623261679	-2.4267863298242	0.0152332245213411	0.0400853356753788
Sym_127011_c1_g1	41.8418655087566	-1.20182367767783	0.163548460768677	-7.34842548825751	2.00555213269806e-13	1.80499691942825e-11
Sym_127086_c1_g3	333.726147204075	0.178177155329034	0.161503650608165	1.1032391816413	0.269923310172717	0.389134291553346
Sym_127107_c0_g1	70.5302717065131	0.538533423089466	0.213542868406919	2.52189842305226	0.0116723408195895	0.0328284585550955
Sym_127689_c0_g1	130.365095939334	0.110776618601701	0.0879118428882566	1.26008754864243	0.207637781483583	0.321404919741173
Sym_128149_c1_g1	168.920801759733	-0.123010967288599	0.152136906861387	-0.808554412116941	0.418771496057054	0.543910925668884
Sym_128217_c1_g1	38.7849888371776	0.906069013829719	0.0911021208963319	9.94564127503425	2.63471550690398e-23	8.29935384674754e-21
Sym_128217_c2_g1	24.3903265517408	0.474504179856475	0.256133693154047	1.85256447136415	0.0639448087776858	0.126683111729378
Sym_128463_c0_g2	33.3152293161879	0.498429832831509	0.249251347802055	1.99970767350611	0.045531839105165	0.0989139952974274
Sym_128548_c0_g1	29.0919425797379	0.309219088076051	0.260872121673608	1.18532822170601	0.23588769931368	0.353776463195921
Sym_128685_c8_g1	116.326283262878	-0.287474152873577	0.0676015403602031	-4.25247932727303	2.11416738395384e-05	0.000166490681486365
Sym_128696_c2_g1	126.084024217121	-0.358376992071452	0.105045016493135	-3.41165153793729	0.000645705994154473	0.00305860734073171
Sym_129530_c0_g2	34.0103404604087	-0.660965525866064	0.294645436335731	-2.24325729964109	0.024880227211386	0.0591492194082006
Sym_129674_c4_g3	69.4623891471853	0.000125031171304403	0.117468528081094	0.00106438016502674	0.999150747659854	0.999150747659854
Sym_130013_c0_g1	40.2513213770487	-1.81099383640224	0.326910607848107	-5.53972184727541	3.02952443741994e-08	7.06889035397986e-07
Sym_130165_c13_g1	66.6762570353781	0.525420226033806	0.157235635780285	3.34161033805344	0.000832939033017092	0.00371434655996184
Sym_130366_c3_g1	36.2870439732969	0.735343260559763	0.264806458330896	2.77690833220123	0.00548786540041081	0.017286776011294
Sym_130366_c3_g5	95.1921138635967	0.266340788342742	0.159463881279618	1.6702264249778	0.0948745736799808	0.174768951515754
Sym_130444_c3_g1	399.727787208227	0.108219771855834	0.0887959029630836	1.21874735482813	0.222940098447392	0.34090354859674
Sym_130850_c4_g1	37.2772068303934	0.618962833868634	0.248834094383835	2.48745187190411	0.0128661860909789	0.035242161901377
Sym_130891_c0_g1	318.962257946969	0.192414606106517	0.105838247729073	1.81800634680823	0.0690631627286169	0.133161477365808
Sym_131189_c6_g1	185.147178080943	0.00529908259235428	0.205473833382186	0.0257895738115611	0.979425177977629	0.990429955258277
Sym_131343_c2_g1	28.1814073788331	0.109343172714371	0.226742341508767	0.482235351310171	0.629638766574585	0.734578561003683
Sym_131859_c1_g2	43.0449360112377	1.00094378477158	0.279268709626899	3.58416016641761	0.000338164535776195	0.00191931223008111
Sym_132105_c3_g7	43.7446814295399	-0.0789128684629871	0.207846494606283	-0.379668988945276	0.704191142675327	0.791606773768425
Sym_132117_c0_g1	27.1094134963433	0.165707812651354	0.163440836877093	1.01387031428361	0.310644638068864	0.431070753267367
Sym_132395_c3_g1	40.5422017297781	0.31200256998657	0.169884895107526	1.8365527423088	0.0662759492072514	0.129670335405492
Sym_132541_c0_g1	45.263406406226	-0.00448518253241107	0.114935539598223	-0.0390234608728492	0.968871683785781	0.982913302391372
Sym_132727_c2_g3	33.741372856201	0.370920396819724	0.16765307216974	2.21242827238016	0.0269370871843691	0.0635594191990732
Sym_133183_c1_g1	54.6741130032855	0.287129779395105	0.160223346865388	1.79205955319569	0.0731234269666435	0.138812424868762
Sym_133411_c1_g1	40.4479404099137	0.307496099158145	0.125585392358171	2.44850211783519	0.0143451586652979	0.0386215810219559
Sym_133411_c1_g2	82.3969763519672	-0.411560746127871	0.279766263434078	-1.47108783266446	0.141267365103407	0.237963743356006
Sym_133740_c1_g1	40.1249220105027	0.643873336936043	0.112368488986508	5.73001686454424	1.0042065014291e-08	2.6360420662514e-07
Sym_133813_c2_g1	390.874784044876	-0.300937539155488	0.128249057941763	-2.34650876961717	0.0189502202564782	0.0472615830183112
Sym_134154_c0_g2	51.5087734633208	1.0035804856525	0.163970848352853	6.12048114487321	9.32932224420476e-10	3.26526278547167e-08
Sym_134172_c0_g1	107.551884981627	-0.0357575282389728	0.121735584331188	-0.293731109399307	0.768963380508295	0.841053697430948
Sym_134569_c0_g2	43.0982427847142	0.147859234975457	0.105551299568921	1.40082818098237	0.161265459335048	0.264576144221563
Sym_134584_c0_g1	159.833662149212	0.0082805505306269	0.143497919027305	0.0577050216947834	0.953983593629911	0.979507586717091
Sym_134584_c0_g2	27.7613397201418	-0.468724865784214	0.155468062555877	-3.0149270408239	0.00257041078737042	0.00925347883453351
Sym_135077_c3_g1	44.0118600679458	-0.552076928740449	0.232456648803781	-2.37496725338437	0.0175505071506192	0.044371415273941
Sym_135168_c1_g2	39.2506174393109	-0.010528605151631	0.100771947377992	-0.104479524565885	0.916788816371307	0.956253235619078
Sym_135168_c1_g4	60.5343358194181	-0.0290151206485418	0.0978283304648654	-0.296592209134781	0.766777859588734	0.840121828766786
Sym_135168_c1_g5	28.1301805131252	-0.155861199819996	0.146933317137892	-1.06076145870801	0.288798321663561	0.408860545276502
Sym_135260_c3_g1	86.0786783602054	-0.319062312232646	0.182700406336931	-1.74636892511471	0.0807468660753226	0.151852315305831
Sym_135943_c0_g1	85.8987246230485	-0.451091871401806	0.101675935710196	-4.43656474121408	9.1405852920767e-06	8.22652676286903e-05
Sym_136070_c2_g1	168.950426124942	0.234716653931007	0.102158795251339	2.2975667768354	0.021586458374585	0.0525076014516933
Sym_136210_c0_g1	31.2980522998488	-0.187826281981982	0.102075653816571	-1.84006935012637	0.0657580564244541	0.129057867748929
Sym_136210_c0_g3	43.8536684236741	-0.0203231971169138	0.20342793259554	-0.099903670344627	0.920420802418369	0.956873111425037
Sym_136536_c0_g1	58.0310527577424	0.0729481592651249	0.180431626422378	0.404298075185323	0.685993540739833	0.780100957881037
Sym_136781_c0_g5	267.768982749921	-0.171407535499971	0.121905258737993	-1.40607170908329	0.159702832212767	0.262696564736406
Sym_136796_c2_g1	32.7841751007978	-0.375635905953484	0.112459342375212	-3.34019298014569	0.000837201923039019	0.00371434655996184
Sym_136847_c3_g1	36.8156174353944	-0.616128365659478	0.103760968625945	-5.93795888587548	2.88592387790909e-09	9.09066021541364e-08
Sym_136877_c0_g1	32.4262547579671	0.611665045545689	0.122074268838508	5.01059765801147	5.42612537854184e-07	8.33770484995453e-06
Sym_136909_c0_g1	1306.33568674347	-0.0630481175438162	0.0669230927494534	-0.942098085332901	0.346142424684336	0.470992932075878
Sym_136948_c0_g1	235.888937264616	0.163027621627784	0.0547113201435721	2.97977861254254	0.0028845677591747	0.0101523893200004
Sym_137236_c0_g1	46.9153428136198	0.764173376077976	0.177880281211876	4.29599824596497	1.73908956994864e-05	0.000146083523875686
Sym_137506_c2_g3	40.39638779101	0.395785258585589	0.105134567756146	3.7645587653301	0.000166843429124467	0.00104070653810311
Sym_137859_c0_g1	49.8732191683157	-0.47191451221338	0.0948182283351334	-4.97704418759446	6.45625870294483e-07	9.63488853752781e-06
Sym_137891_c2_g1	27.1885253315275	0.736885398518479	0.140901816645876	5.22977926090528	1.69712557541759e-07	2.96996975698078e-06
Sym_138067_c3_g1	33.1029191079567	0.537333191293255	0.159322370073731	3.37261610560142	0.000744576865734489	0.00342396660885203
Sym_138442_c2_g4	31.0672043353567	0.230202477656418	0.200263847008672	1.14949593296512	0.250351542819607	0.365943090432372
Sym_138988_c3_g1	91.0330792797228	-0.142887303273527	0.168472036430735	-0.848136618401194	0.396361890355724	0.525701033524435
Sym_139545_c4_g1	27.8624673960673	1.10730504926986	0.235504942527684	4.7018335894997	2.57835599686154e-06	2.90065049646923e-05
Sym_139720_c2_g1	103.186728724593	0.129830173471343	0.167588201349623	0.774697576713597	0.438518383274634	0.56380934992453
Sym_139797_c4_g1	63.9915895895977	0.58797859697151	0.181308980759378	3.24296454874367	0.00118292929177111	0.00503544225551215
Sym_139907_c0_g1	126.432244413776	-0.0531353454184337	0.105362914378656	-0.504307855679415	0.614045057986925	0.720388056856169
Sym_140163_c0_g1	92.4722472262515	-0.422279781301521	0.0894188276023093	-4.72249293157379	2.32971189026521e-06	2.76928017144733e-05
Sym_140883_c1_g1	150.788923351987	0.12139709026564	0.205450671449636	0.590881934865804	0.554599530972469	0.670628991387055
Sym_141083_c0_g1	224.765913149148	0.151087176971292	0.157668593863171	0.958257908372097	0.337932723060939	0.461816953423843
Sym_141362_c0_g3	115.491801473986	-0.357430744000898	0.0759946390990769	-4.70336787223771	2.55904726426896e-06	2.90065049646923e-05
Sym_141552_c4_g1	38.2976747430585	0.387588837701709	0.138657252173589	2.79530159170091	0.00518513183880973	0.0164981467598492
Sym_141605_c3_g1	37.812110287146	-0.0722079090977945	0.21951476339888	-0.328943292832589	0.74219855056671	0.824665056185234
Sym_141827_c8_g7	31.4026809431887	-0.0614857088447633	0.104680240765295	-0.587366903202116	0.556957316998244	0.672189865342708
Sym_141920_c0_g1	31.4398496110098	0.0979961232055314	0.242308473237012	0.404427141553887	0.685898644807285	0.780100957881037
Sym_142188_c6_g1	39.7669942995741	0.543545049757853	0.217104651178498	2.50360849851606	0.0122933981210761	0.0341182414814007
Sym_142188_c6_g3	31.4768185172424	0.815668566533433	0.190758500481823	4.27592251183143	1.90347427128922e-05	0.000155393583182715
Sym_142252_c2_g5	46.9730209899513	-0.0386605405596156	0.0941021931306328	-0.410835701841156	0.68119301240815	0.780100957881037
Sym_142252_c2_g6	38.1953203262587	-0.119667944440659	0.186138101208659	-0.642898706195098	0.520289828997631	0.641453213832695
Sym_142384_c1_g2	40.9694491746479	-0.490745728082004	0.206584431494699	-2.37552135236579	0.0175241784586172	0.044371415273941
Sym_14255_c0_g1	30.5111273455779	0.559948556209602	0.143437550260657	3.90377941614351	9.47021006154137e-05	0.000628024456712743
Sym_143145_c5_g3	37.5601878812915	0.21018385208923	0.105335958196265	1.99536659359579	0.046002911656373	0.0992528573408047
Sym_143244_c1_g1	72.1893993577279	-0.224480182805114	0.0943736699350836	-2.37863148651024	0.0173770383125422	0.0443220005542573
Sym_143319_c2_g2	53.3755897264063	0.134214358729358	0.16111897632752	0.833013973825961	0.404836848361934	0.533571578384975
Sym_143426_c2_g1	63.364258266146	-0.0682410336623451	0.0943015240253097	-0.723647198363728	0.469282357160486	0.588940009982283
Sym_144129_c1_g1	33.3173791135295	0.185560533337322	0.178000386565598	1.04247264243405	0.297192602767461	0.416069643874445
Sym_144233_c1_g1	43.3354146730763	0.753376832528379	0.155155734778001	4.85561705860451	1.2001243212091e-06	1.57516317158694e-05
Sym_144258_c1_g1	35.8074049364355	-0.782699606937324	0.237432019811035	-3.29652086336228	0.000978903437019852	0.0042531666573966
Sym_144324_c2_g4	61.2644698759714	-0.524346099059531	0.185961774400757	-2.81964452505996	0.00480768756294465	0.0156125936322429
Sym_144769_c1_g2	48.6781994429941	-0.315856210538574	0.109678802204202	-2.87982913918505	0.00397890738493957	0.0134048751471226
Sym_144984_c0_g1	152.059422321261	-0.170523959361376	0.134181990714007	-1.27084088150717	0.203785261614863	0.316218509402373
Sym_145648_c3_g1	39.7026829753064	0.93067710060961	0.200090855573649	4.65127253287718	3.29893016114058e-06	3.52258644325181e-05
Sym_146266_c4_g1	26.1342177771149	0.380869359275999	0.253346258181261	1.50335498147953	0.132747528984593	0.229125871946009
Sym_146541_c1_g1	50.1964544265786	0.230429505962736	0.134354066064107	1.71509142010475	0.0863284671287424	0.160433434487043
Sym_146798_c0_g2	520.707616950363	-0.360391341650077	0.134463405734993	-2.68021875305132	0.00735740620153762	0.0220722186046129
Sym_146798_c1_g2	79.7367070549683	-0.013421893622016	0.0944235866624324	-0.14214556019779	0.886965031683577	0.934428043412464
Sym_147119_c0_g1	34.5766680321779	0.774945046557425	0.158357175368927	4.89365287522982	9.89813601170783e-07	1.35561427986433e-05
Sym_147201_c3_g4	40.4755244485158	0.756625172878274	0.326490331298987	2.31745047354982	0.0204792055738883	0.0502019436247067
Sym_147389_c1_g1	143.820260535373	0.0614602746352522	0.162290659770553	0.378704940396108	0.704906984260455	0.791606773768425
Sym_147654_c1_g3	36.3387433094929	-0.346443077161572	0.222716545507398	-1.55553363299659	0.119819030907284	0.211445348659912
Sym_147711_c0_g1	106.250726628438	-0.0443651793783693	0.0763081827403989	-0.581394783431025	0.560974412456501	0.673655699197928
Sym_147909_c3_g4	34.3382010865478	-0.2161408464959	0.123328551538943	-1.75256129905694	0.079677339202108	0.150289591908168
Sym_148542_c0_g2	235.238588029963	0.14194589535845	0.153107468288459	0.927099748596328	0.353874746674653	0.478414357092343
Sym_148791_c2_g2	50.7493327088139	1.09165336382339	0.131399000544612	8.30792745225457	9.73880357601504e-17	2.04514875096316e-14
Sym_148851_c1_g6	75.6574276333418	0.446879597171472	0.165947917299592	2.69289066379003	0.00708354943602438	0.021352326051174
Sym_149243_c2_g1	33.7152077741492	0.134657885421025	0.248350355306502	0.542209352810617	0.587674292962487	0.699876757214303
Sym_149385_c2_g1	157.608189439258	-0.211197236646772	0.164068444415693	-1.2872508019377	0.19800688542961	0.31108313670986
Sym_149661_c2_g2	44.209583762091	-0.680999642465219	0.138857910806518	-4.90429128963427	9.37652585969483e-07	1.31271362035728e-05
Sym_150273_c1_g4	33.6468950147603	-0.804750230769827	0.106661653935473	-7.54488798061087	4.52676429270222e-14	5.7037230088048e-12
Sym_150432_c3_g6	33.5561204211507	-0.997327470131454	0.149575854789802	-6.66770363126451	2.59836809651095e-11	1.16926564342993e-09
Sym_150495_c0_g1	36.4844428258136	0.446454794305467	0.0938302458072221	4.75811174173759	1.95412321019527e-06	2.41391690671181e-05
Sym_151306_c5_g1	36.3879603676846	0.263339158526108	0.165904028027104	1.5872981606154	0.11244513164537	0.201675529860518
Sym_151345_c3_g1	147.174168018623	-0.394595778460502	0.160085406461273	-2.46490787126158	0.0137048484493235	0.0372157522546285
Sym_152125_c5_g2	914.107819772147	-0.0173764466721543	0.121467565842695	-0.143054209999215	0.886247368027996	0.934428043412464
Sym_152309_c0_g2	121.880330282965	0.150185677041299	0.136347890954914	1.10148881650807	0.270683969181455	0.389339955671955
Sym_152567_c7_g1	40.7046195135191	0.174942228963653	0.141714231539275	1.23447184565347	0.217027131588876	0.333480714392664
Sym_152725_c5_g1	42.2885064523012	-0.154037787535038	0.231924846142975	-0.66417113171255	0.506580787783412	0.62947908541134
Sym_152950_c3_g7	72.0544147142059	-0.0471147983249727	0.142890230223031	-0.329727219638694	0.741606084603406	0.824665056185234
Sym_153078_c0_g1	46.3722296094139	0.940923110761975	0.125998712421083	7.46772004794338	8.15962059031848e-14	8.5676016198344e-12
Sym_154847_c0_g1	33.7416439488679	0.208754219241574	0.116151222480738	1.79726235146765	0.0722939800822534	0.138015780157029
Sym_154888_c1_g1	75.5835637633458	-0.0371334276008439	0.217285965183051	-0.170896576636052	0.864305088514035	0.918218579532771
Sym_154890_c3_g1	37.8213037777917	0.0271515008570673	0.156700733143045	0.173269775529907	0.862439379966503	0.91779866449138
Sym_156041_c0_g1	39.3679732640252	-0.122019778427189	0.174244085392718	-0.700280747849641	0.483751992434809	0.603492584621643
Sym_156351_c0_g1	31.6351106804337	-0.226506008653458	0.107131103220312	-2.11428802509067	0.0344906745172395	0.0776329158701491
Sym_157544_c0_g1	26.2663848695197	0.38240985560287	0.110993009337738	3.44535081880016	0.000570318675864178	0.0027852772542204
Sym_157759_c0_g1	36.8842489116457	-0.205942171833343	0.230740161229414	-0.892528507980821	0.372109719526011	0.497726376436066
Sym_157791_c0_g1	66.1194152143946	0.0644926474972541	0.149895408117347	0.430250988387619	0.667013075264498	0.766821601125244
Sym_158035_c0_g1	51.2816823753948	0.00852442009659155	0.167221081286419	0.0509769463934441	0.959343890771278	0.979556971127885
Sym_158124_c0_g1	54.8202165956138	-0.183941296443702	0.09341030610217	-1.96917560940772	0.0489329287214952	0.104147787481561
Sym_158800_c0_g1	41.8221625565054	-0.162218354676348	0.208018862744708	-0.779825216501792	0.435493761509382	0.5610655823127
Sym_159792_c0_g1	39.0517408111882	-0.286625453559883	0.194137632747384	-1.47640336138664	0.139835640879564	0.23745674866341
Sym_17093_c0_g1	31.0253980437533	0.531751284246968	0.144167731953749	3.68842095967468	0.000225650100159825	0.00135390060095895
Sym_17199_c0_g1	48.3029882961128	0.163645801920433	0.0885227743977649	1.84862938417534	0.0645113467087633	0.127174241411632
Sym_172288_c0_g1	58.4599983304996	0.88114172564217	0.218627390960603	4.03033545691881	5.56973071908297e-05	0.000412815335649679
Sym_172768_c0_g1	31.580642764481	0.38218941810331	0.204309655878398	1.87063805898035	0.0613952656084741	0.123759751226097
Sym_173215_c0_g1	36.5916298070683	0.407758115736944	0.176499914728641	2.31024539793036	0.0208745719754786	0.0509727920331454
Sym_173607_c0_g1	43.2985625738844	0.207677090788409	0.0842414178750708	2.46526110346804	0.013691344076334	0.0372157522546285
Sym_173884_c0_g1	37.5835839683084	0.369647721652254	0.152655921689802	2.4214437118488	0.0154589949541759	0.0404114805856051
Sym_174569_c0_g1	37.3766960052845	-0.462860485339853	0.144198624313291	-3.20988142254552	0.00132789739162164	0.0054678127890303
Sym_174615_c0_g1	35.0233452624389	0.41821005144968	0.0977188096811118	4.27972928461199	1.87120778416172e-05	0.000155113276844984
Sym_17477_c0_g1	57.6981769223648	-0.162409178628901	0.143198523399945	-1.13415400363663	0.256729954135905	0.373533189620369
Sym_175026_c0_g1	36.9054516698393	0.0591374396486057	0.210589826377877	0.280818122440972	0.778849903012673	0.84891944446018
Sym_175570_c0_g1	39.1836956757777	0.552763355822366	0.12216683199057	4.52465981818236	6.04927266789028e-06	6.04927266789028e-05
Sym_175609_c0_g1	62.9846448771989	-0.19927057634599	0.233033022202791	-0.855117332566625	0.39248619511238	0.521658866921518
Sym_175830_c0_g1	36.3607187916374	0.517377687722051	0.119619948137563	4.32517900047129	1.52408053611155e-05	0.000129752802398686
Sym_176037_c0_g1	50.0663208686338	-0.257979753846126	0.0823205273073597	-3.13384476854611	0.00172532102190921	0.0067934515237675
Sym_176601_c0_g1	37.0477718748466	0.654447548071662	0.108404872114911	6.03706766406158	1.56939927414511e-09	5.20379759321798e-08
Sym_176720_c0_g1	34.1806585226143	-0.301585850804285	0.113762868075341	-2.65100428555085	0.00802528231163123	0.0238487163034324
Sym_178813_c0_g1	38.4912981135988	0.73822409728802	0.18090866158322	4.08064539766897	4.4910825656483e-05	0.000340889399561257
Sym_178992_c0_g1	83.181075324894	-0.247425241885505	0.132121765972599	-1.87270613637437	0.0611089755371222	0.123759751226097
Sym_179741_c0_g1	27.3038964877673	0.819120398291764	0.186214121008819	4.3988092517053	1.08846440918009e-05	9.65820532089375e-05
Sym_179816_c0_g1	40.3980525162548	-0.119128048070789	0.108516368378823	-1.09778874699273	0.272296746360557	0.38987943228898
Sym_18246_c0_g1	53.0656248810156	-0.685150588984477	0.154113435540472	-4.44575508022174	8.75836877499802e-06	7.99677149021559e-05
Sym_18689_c0_g1	31.3641040241749	0.511922162211891	0.165051303113227	3.10159418651004	0.00192481628816782	0.00739411135088858
Sym_188258_c0_g1	107.500257617501	-0.330421146542711	0.224574298894764	-1.47132217786661	0.141204008330255	0.237963743356006
Sym_191318_c0_g1	36.0778560651407	-0.568421310739282	0.187166420492702	-3.03698339287012	0.00238958620634387	0.00865195005745196
Sym_19611_c0_g1	30.5316419357736	0.98360653822491	0.129156083952361	7.61564231529127	2.62383361021129e-14	4.13253793608278e-12
Sym_204881_c0_g1	52.875247466365	0.693664188665099	0.31593314425442	2.19560435896049	0.0281202739819773	0.0659521754358324
Sym_20490_c0_g1	26.0414551350137	0.970046956310481	0.305102406759473	3.17941430424446	0.0014757299782846	0.00595967875845705
Sym_204970_c0_g1	28.774180310452	0.365275345402457	0.107045602126843	3.41233397864983	0.000644091474931258	0.00305860734073171
Sym_205051_c0_g1	40.2841801240579	0.273125599555518	0.108782047638005	2.51075986788189	0.0120471615403413	0.0335827954443142
Sym_206385_c0_g1	33.4035078764831	-0.293007843450017	0.179870191705169	-1.62899611476645	0.103313841434753	0.187572680414681
Sym_207498_c0_g1	33.3494014970834	0.316151524523314	0.112612402556438	2.80743077446436	0.00499384118815071	0.0160516323904844
Sym_208091_c0_g1	28.9808248310944	0.154016585484608	0.149959782493679	1.02705260652868	0.304395693484643	0.425209061852162
Sym_208217_c0_g1	31.5670127310005	0.147121787958172	0.122540244981324	1.20059975382451	0.229906496598536	0.34817570398336
Sym_208475_c0_g1	63.8640011376882	0.0520859167680786	0.0736807237312642	0.706913750712488	0.479620078181285	0.599525097726606
Sym_209041_c0_g1	86.626841466461	-0.0101609101248403	0.101278123707922	-0.100326800624225	0.920084881009307	0.956873111425037
Sym_209170_c0_g1	29.0589588840179	-0.0850306713763921	0.242114792508545	-0.351199819289816	0.725438445689355	0.810330178695556
Sym_209908_c0_g1	34.2150393297116	0.207722452609015	0.0997427558327051	2.0825818464192	0.0372893553541548	0.0833060066422606
Sym_210042_c0_g1	98.6241130822315	-0.633840281624314	0.160265558773497	-3.95493758281604	7.65546354397278e-05	0.000526346880047557
Sym_211422_c0_g1	44.3725507864961	-0.39146455375896	0.187333766571012	-2.08966360376131	0.0366480286489548	0.082164619390895
Sym_21232_c0_g1	127.937967123369	-0.00686102008970535	0.149359702013621	-0.045936219724646	0.963361085470127	0.981832223014747
Sym_214581_c0_g1	47.2386312506368	0.0194735601656184	0.181706187695741	0.107170594532675	0.91465364321067	0.955608283951446
Sym_215526_c0_g1	46.337934525375	0.350451081594924	0.0944339043328471	3.71107267110025	0.000206382839325336	0.00125020373822078
Sym_215998_c0_g1	36.5913365881865	-0.0140148606774495	0.162862341474018	-0.086053415114908	0.931423955543681	0.966716790761975
Sym_218000_c0_g1	58.636792804821	0.180488488756308	0.166033923250763	1.08705790493015	0.27701121985902	0.395730314084315
Sym_219454_c0_g1	32.0405835560501	0.179448181243722	0.170671985714159	1.051421418066	0.293065083157088	0.412758845249658
Sym_2206_c0_g1	35.2057320084708	0.139880452719906	0.100150140804183	1.3967074993275	0.162501548119675	0.265911624195832
Sym_22205_c0_g1	24.5919614748331	0.466352208313302	0.120403836506085	3.87323379259377	0.000107400708955677	0.000704817152521628
Sym_237228_c0_g1	42.488279572994	-0.253768543910327	0.156511412624571	-1.62140600263477	0.104930594264125	0.189960558581606
Sym_237292_c0_g1	36.7740147475791	-0.0196837631995139	0.108263045029553	-0.181814239513962	0.855728509260382	0.912197903272488
Sym_237405_c0_g1	65.1299355256896	0.0279352816478562	0.130690226173122	0.213751880808983	0.830740551164885	0.890079161962377
Sym_237540_c0_g1	49.6437369321094	0.54379378512363	0.171945233623818	3.16259877440595	0.00156367679074622	0.00619838651281628
Sym_237620_c0_g1	36.2896196848573	-0.345519019512191	0.183077765578124	-1.88728007697225	0.0591226646773749	0.121536587231743
Sym_238053_c0_g1	31.124034775117	0.174706752411229	0.111403272641522	1.56823716457063	0.116825794062644	0.207324648618213
Sym_239078_c0_g1	44.5680459734182	-0.434830782450935	0.159404509035197	-2.72784493414126	0.0063749568025704	0.019496227114657
Sym_23937_c0_g1	48.3324305645024	0.183686738433814	0.187563242053182	0.979332285063246	0.327415823258751	0.449394267217893
Sym_24015_c0_g1	30.1462267763325	0.1538521286573	0.169165710547867	0.909475851571978	0.363098999050462	0.486707168939981
Sym_240603_c0_g1	35.5655766407878	-0.962364436263969	0.21555609254236	-4.46456615961736	8.02311549522356e-06	7.54412352535947e-05
Sym_241271_c0_g1	33.8933649295294	-0.0438887641720701	0.145614166981578	-0.301404492995676	0.763106068609346	0.83868031843225
Sym_242526_c0_g1	58.1678426362563	0.00579375975901595	0.0995525960804429	0.0581979776231484	0.953590931616782	0.979507586717091
Sym_244110_c0_g1	61.6288865261255	-0.385588877056355	0.102288749630912	-3.76961179452944	0.000163501660779057	0.00103006046290806
Sym_244452_c0_g1	39.7977766897126	-0.296371967379974	0.15761241755188	-1.88038462948149	0.06005567682269	0.12284115713732
Sym_244501_c0_g1	27.0937346002536	0.792002950761192	0.172326045322836	4.59595616714496	4.30769256582609e-06	4.44892838765645e-05
Sym_244548_c0_g1	37.4815069322211	0.295241959473184	0.0873540886069747	3.37982988754588	0.00072530706834948	0.0033598783313248
Sym_244729_c0_g1	49.0400385632882	0.038112159962295	0.140899214122605	0.270492352988791	0.786781499172767	0.856083496509228
Sym_245148_c0_g1	40.2141703397457	-0.224583087659788	0.181915750813517	-1.23454448916856	0.217000079409691	0.333480714392664
Sym_245377_c0_g1	72.4162557339293	-0.288433300064035	0.473903942513837	-0.60863241300343	0.542768115043972	0.661400217558419
Sym_24568_c0_g1	40.0986771036904	0.605645574823964	0.127138558225655	4.76366558875881	1.90107466433804e-06	2.39535407706594e-05
Sym_24845_c0_g1	40.2900904617896	0.20323639166411	0.133460977902203	1.52281509440937	0.127804972489389	0.22242301842076
Sym_248486_c0_g1	58.7553599287265	-0.0887717235425549	0.16169978488739	-0.548990981060222	0.583011639221479	0.695638887707447
Sym_24952_c0_g1	32.0171721648186	0.0642825618577473	0.170778759101386	0.37640841399711	0.706613291722404	0.792110985382766
Sym_250042_c0_g1	30.6193894947597	-0.337095306452311	0.133149571872082	-2.53170402061946	0.0113509760942192	0.0323579861509416
Sym_251235_c0_g1	34.0538469591758	0.00332248940265369	0.217565075578495	0.0152712442188589	0.987815783597375	0.994127705537295
Sym_253127_c0_g1	34.2998115338845	-0.371134412431338	0.20258808232643	-1.83196567226166	0.0669565351215707	0.130596337853218
Sym_25342_c0_g1	24.9812947655866	-0.589479706326235	0.125139838411084	-4.71056790396193	2.47027475839535e-06	2.88198721812791e-05
Sym_26664_c0_g1	41.2546382974836	1.00877205841823	0.160437853198307	6.28761877766687	3.22372348060531e-10	1.26934112048834e-08
Sym_270793_c0_g1	36.7210296403445	0.0626762087050309	0.156806360832046	0.399704504156963	0.689374174230454	0.782532846423758
Sym_271368_c0_g1	71.3300229248751	-0.664861851400621	0.113055971142374	-5.8808203112363	4.08238163746401e-09	1.16904565072833e-07
Sym_272568_c0_g1	50.2621987287237	0.114281750414198	0.156353648215648	0.730918349001856	0.464829027546198	0.584515543620967
Sym_273322_c0_g1	40.6556655767273	0.390285288438654	0.141921855126777	2.75000131649925	0.00595950252681599	0.0184950078418427
Sym_273930_c0_g1	40.9266950269096	0.0127589096592066	0.288206155473314	0.0442700803466633	0.96468912070814	0.981832223014747
Sym_275195_c0_g1	32.9894766401333	-0.565750310146507	0.29944410061471	-1.88933530159757	0.0588469141524142	0.121536587231743
Sym_275222_c0_g1	58.8920689835632	0.127675032136612	0.173196548821919	0.73716845401976	0.46101991472943	0.584344188312719
Sym_275443_c0_g1	31.7876724029544	-0.22300936916478	0.188352291768951	-1.18400135761736	0.236412525405528	0.353776463195921
Sym_275647_c0_g1	37.501938804382	-0.289462861415086	0.119211910382848	-2.42813709205295	0.0151766053204377	0.0400853356753788
Sym_276093_c0_g1	53.3024478413827	-0.235792038494769	0.086619284348802	-2.72216562705912	0.00648556286538227	0.0196437721403405
Sym_278149_c0_g1	94.901860634807	-0.196719532100649	0.146449347233104	-1.34325987665572	0.179187839342208	0.285071562589876
Sym_278829_c0_g1	41.2507445781796	0.822654927283024	0.151939557479028	5.41435647788151	6.15095166161607e-08	1.38396412386362e-06
Sym_281979_c0_g1	90.1098193939427	0.368040506663528	0.120990942729189	3.04188477551831	0.00235101871475212	0.0085615132386927
Sym_282497_c0_g1	32.7984423533764	0.35460414186131	0.185086825981776	1.91587996595838	0.0553803760909199	0.115912415074018
Sym_284899_c0_g1	37.7492015696672	0.112525632285777	0.093186791192507	1.20752770693992	0.227228981353063	0.345783232493791
Sym_28806_c0_g1	39.1265369490506	0.30666202801629	0.099724018820268	3.0751069967305	0.00210427048582559	0.007844321929409
Sym_289794_c0_g1	64.8192096017213	0.219103486807206	0.0928726093456492	2.359183061087	0.0183152183615493	0.0459704683975141
Sym_294695_c0_g1	46.5328880590613	0.30496765206058	0.124955946690944	2.44060134900873	0.0146628309670671	0.0393088659968182
Sym_30446_c0_g1	119.655712697193	-0.161786769596406	0.140461388864364	-1.15182379232085	0.249393488906048	0.365390460490257
Sym_30458_c0_g1	51.3182464169935	0.430822539228782	0.10118524956619	4.25776030672295	2.06485164671591e-05	0.000164665384484939
Sym_306714_c0_g1	44.0936843622554	-0.308463866301969	0.112473087516701	-2.74255711399552	0.00609628471725423	0.0187818457997126
Sym_307967_c0_g1	25.6108744907401	0.781064450255689	0.241603148029526	3.23284053467812	0.0012256595898677	0.00514777027744436
Sym_30900_c0_g1	26.6583278357089	0.0975074220602896	0.148289824768282	0.65754627610259	0.510829725832709	0.632264690126929
Sym_30914_c0_g1	30.058559889523	0.513662492368279	0.138381275252836	3.71193639767929	0.00020567967709885	0.00125020373822078
Sym_310154_c0_g1	84.5937032683536	-0.0637415864973017	0.130401789954348	-0.488809137663039	0.624976828198555	0.730492396595714
Sym_310175_c0_g1	35.7429461496059	0.0926654768987342	0.236664020564359	0.391548646379624	0.695391738257854	0.783715196963235
Sym_311128_c0_g1	63.8591482403801	0.334057010932004	0.110939742755952	3.01115725197659	0.00260254033883772	0.00931591144015776
Sym_31210_c0_g1	31.3547369439337	0.360346933814031	0.101185298390367	3.56125780668092	0.000369082463845088	0.00203966624756496
Sym_317193_c0_g1	61.5006725502702	-0.755661465719526	0.176823223481898	-4.27354196377314	1.92392055369075e-05	0.000155393583182715
Sym_32_c0_g1	25.0882989041005	0.089218069369674	0.384164493272909	0.232239238482391	0.816352202848967	0.877481516997851
Sym_32537_c0_g1	100.825072919395	-0.101893368096753	0.109413754483872	-0.931266535705734	0.351715707806603	0.477405561105162
Sym_33974_c0_g1	50.7837114074882	-0.180104528364032	0.0823202767239254	-2.18785134758526	0.0286804322099675	0.0666740674991865
Sym_36499_c0_g1	36.1529945088578	-1.05292045669339	0.205108175737979	-5.13348847701944	2.84420451770215e-07	4.59448422090348e-06
Sym_37532_c0_g1	30.5850983948336	0.665618242856762	0.124258608631872	5.35671733480229	8.47475453716281e-08	1.789121177066e-06
Sym_37542_c0_g1	38.9383246919925	0.733927030356398	0.263667201717902	2.78353555381388	0.00537699689437721	0.0170226534847118
Sym_37619_c0_g1	57.2280738959807	-0.263468673053243	0.172070855364491	-1.53116384814353	0.125728903147282	0.219660748234067
Sym_39656_c0_g1	32.5288868755797	-0.399076770854311	0.166596770453133	-2.39546522882074	0.0165992885678148	0.0426838848886665
Sym_39803_c0_g1	62.8043452987407	0.224497955828458	0.16273094306241	1.37956526032273	0.16772053984334	0.270240256013565
Sym_39928_c0_g1	58.2547374505317	0.120320227263834	0.200031986453767	0.601504936269996	0.547503724979207	0.664599897373604
Sym_40740_c0_g1	52.5367665195237	-0.468035591591209	0.0886350139788907	-5.28048195155332	1.28844516613335e-07	2.38741310195297e-06
Sym_42149_c0_g1	31.186833337523	-0.646428940420852	0.144502770949147	-4.4734708973044	7.69600368409471e-06	7.34618533481768e-05
Sym_42974_c0_g1	35.6392336065555	0.262952538310444	0.0995737909738686	2.64078062850345	0.00827152583193419	0.0244461890968568
Sym_43139_c0_g1	41.4082870137501	-0.112708868239393	0.0881118833326721	-1.27915627241622	0.200842030818763	0.312420936829187
Sym_43550_c0_g1	46.6523454187476	-0.364394702969217	0.18640098007857	-1.9548969260549	0.050595237467294	0.10732323099123
Sym_44505_c0_g1	34.3763691252332	0.43081671413063	0.207771376401502	2.07351330867689	0.038124533843233	0.0842752853376729
Sym_44628_c0_g1	54.5621725016167	0.000439359539241315	0.316610001604504	0.00138769949469298	0.998892776353516	0.999150747659854
Sym_44879_c0_g1	29.9813505960841	0.724892035890206	0.153210357328556	4.73135138204588	2.23030073711966e-06	2.70209512381805e-05
Sym_45310_c0_g1	30.4348573024241	-0.225828097208946	0.151360576519589	-1.4919875597839	0.135702406619909	0.232949635342078
Sym_45312_c0_g1	61.1818463048322	-0.423330362819704	0.141301423870076	-2.99593840759135	0.00273601691105301	0.00973836527662937
Sym_45475_c0_g1	45.6618501660808	-0.422261085394206	0.266571851258513	-1.58404228878881	0.113184095971438	0.201999944651575
Sym_45781_c0_g1	34.2446106666827	-0.24192558472963	0.100456573838116	-2.40826036053637	0.0160287454310215	0.0415560066730187
Sym_46497_c0_g1	41.0140130606451	-0.522670441127046	0.149051062453161	-3.50665357579249	0.000453779495851675	0.00236265357344261
Sym_47830_c0_g1	32.5686125985602	0.417180185110238	0.131914034937933	3.16251553753569	0.00156412388545488	0.00619838651281628
Sym_53466_c0_g1	25.7128328337947	0.102803435662107	0.316825022574302	0.324480165192752	0.745574536512775	0.826957672540578
Sym_55311_c0_g1	40.9791796625513	-0.316385242590846	0.147552518823153	-2.14422122451224	0.0320151652319426	0.0729705168801234
Sym_56652_c0_g1	31.1408925874417	0.800623896042525	0.120592942277146	6.63906096761897	3.15687810227433e-11	1.32588880295522e-09
Sym_56985_c0_g1	27.3005621792861	-0.147719033073563	0.241679460582108	-0.611218813207244	0.541054730171104	0.661033504251524
Sym_57115_c0_g1	21.9424955501933	0.17846487375978	0.119940444836063	1.48794573843469	0.136765204127162	0.234136083152479
Sym_57158_c0_g1	54.6949586324088	-0.270337181079884	0.144157825492578	-1.87528620216183	0.0607533605319775	0.123759751226097
Sym_57753_c0_g1	30.583408731677	0.467355623443616	0.137151848800784	3.40757800591123	0.00065542171490107	0.00308146030140055
Sym_58911_c0_g1	52.5207799354855	0.628227252029704	0.106626428266917	5.89185310096918	3.81888596305629e-09	1.14566578891689e-07
Sym_59001_c0_g1	32.8728640087267	0.13666541330969	0.114145317501328	1.19729320747739	0.231192291027426	0.348447711357125
Sym_61674_c0_g1	33.5444165115408	0.625238886327278	0.159442533663623	3.92140586304497	8.8033840305862e-05	0.000590014036092479
Sym_61886_c0_g1	42.0452247899512	0.500966024938373	0.118070773851023	4.24292996987104	2.20620297315154e-05	0.000171593564578453
Sym_62034_c0_g1	55.7781118603763	-0.0195702291600906	0.178625790185174	-0.109559930510611	0.91275839011174	0.955212268721588
Sym_62856_c0_g1	63.8713461490933	0.0760103770290741	0.216396081950111	0.351255791436178	0.725396457753217	0.810330178695556
Sym_65138_c0_g1	121.749107203286	0.0765029159629745	0.164985723463565	0.463694157027286	0.642866884010275	0.747243795067294
Sym_66220_c0_g2	41.4430841337902	0.471933208125843	0.171388153242455	2.75359293625285	0.00589450319226642	0.0183838465897418
Sym_66494_c0_g1	42.1742707436767	0.382672262095735	0.119978308537056	3.18951206065341	0.00142513192301952	0.00579247168711161
Sym_66977_c0_g1	24.4619349647971	-0.216562261527495	0.132628247161121	-1.63285172022524	0.102500186311352	0.187005055267562
Sym_66995_c0_g1	36.5897648298841	0.66684927396329	0.215895726477088	3.08875624749366	0.0020099627459989	0.00758249419149285
Sym_67222_c0_g1	98.3432235710444	-0.381106780089383	0.173621576123112	-2.19504273949885	0.0281605320511729	0.0659521754358324
Sym_67337_c0_g1	44.7691848413719	0.668075360528389	0.16745948203684	3.98947466218375	6.62197920650009e-05	0.000468746842707309
Sym_69259_c0_g1	41.1066346692093	-0.242954983838913	0.0863052230470859	-2.81506698275217	0.00487670681640607	0.0157555143299273
Sym_69270_c0_g1	42.8436761147742	0.160701894083163	0.219572379934335	0.731885741418033	0.464238309765854	0.584515543620967
Sym_69276_c0_g1	40.9348516860797	-0.0123326413366904	0.237884986446932	-0.0518428738227309	0.958653893093589	0.979556971127885
Sym_72333_c0_g1	31.8291686152808	0.0910092758187747	0.172305627593871	0.528185161968626	0.597370826975221	0.704763335195486
Sym_72647_c1_g1	50.4180457355553	-0.598469566119408	0.151358954870379	-3.95397528102599	7.68633539117068e-05	0.000526346880047557
Sym_73028_c0_g1	23.8435663910049	0.191005912481141	0.125665962389828	1.51994946641655	0.128523676694471	0.223057620709412
Sym_73573_c0_g1	86.9325835467176	-0.268501857378726	0.0951542337044225	-2.82175418713131	0.00477617707104608	0.0155906298174043
Sym_74166_c0_g2	130.873216275289	0.121452291995168	0.127878424508805	0.949748110063755	0.342240257769597	0.466691260594905
Sym_74356_c0_g1	35.2220762439667	0.0158740576487675	0.114045279389104	0.139190834849093	0.88929935073508	0.935323190255594
Sym_75131_c0_g1	54.2871414896813	0.0516327324290889	0.162240291139096	0.318248519320159	0.750296431309759	0.829275003026576
Sym_75561_c0_g1	63.8481769529877	0.0820829520827315	0.186324225879158	0.440538269757616	0.659547300991683	0.762412476375707
Sym_76402_c0_g1	60.2385663669097	0.548665561723372	0.149506797747678	3.66983689028877	0.000242705284412431	0.00142901242224142
Sym_76645_c0_g1	370.650566764365	-0.493165338579229	0.14427818322352	-3.41815600640883	0.000630469579981116	0.00303202927777178
Sym_78376_c0_g2	30.7489005164386	-0.413079646977027	0.164244521345629	-2.51502846848547	0.0119022772455358	0.0333263762875003
Sym_78809_c0_g1	32.1921506742849	-0.117267408613172	0.152762958561284	-0.767642952961847	0.442699336527177	0.566871101650653
Sym_78927_c0_g1	32.9861861814699	0.736456366735588	0.208241131795546	3.53655572453694	0.000405380970966425	0.0021695098099005
Sym_79288_c0_g1	159.541501029884	-0.459244068980061	0.156278505867366	-2.93862592575476	0.00329670704251589	0.0114116782240935
Sym_79448_c0_g1	59.4683235058435	-0.642463419949947	0.102837376429372	-6.24737271852892	4.17414181566281e-10	1.54688784933387e-08
Sym_80278_c0_g1	27.7149959164273	0.62256626287875	0.10652598914265	5.84426643572456	5.08805368583198e-09	1.39368427046702e-07
Sym_80461_c0_g1	36.0191740774182	0.988748414598299	0.475490034092052	2.07943036384835	0.0375778120862653	0.0833592310364335
Sym_80796_c0_g1	48.8890199611882	-0.199770224817052	0.136870053232304	-1.4595612414791	0.144410697913942	0.241964733206871
Sym_80819_c0_g1	25.035533906029	0.725207810688572	0.136275650181605	5.321624294011	1.02844805147845e-07	2.0247571013482e-06
Sym_80984_c0_g1	36.1140094303355	0.137813729800919	0.0971877606495491	1.4180152817582	0.156186303224374	0.258940450082514
Sym_82427_c0_g1	56.5030371221437	-0.289987500074387	0.149785475232665	-1.9360188270855	0.0528653951417974	0.111388625215158
Sym_82593_c0_g2	31.1675800017324	0.0722613288351893	0.142624121702929	0.506655732371148	0.612396396170352	0.719794271618137
Sym_82979_c0_g1	57.7800667420589	-0.213011989731678	0.177672127077678	-1.19890493368467	0.230564913130774	0.348335480269515
Sym_83072_c0_g2	62.541008063807	-0.0416353146997752	0.100167434181474	-0.41565719477594	0.67766086806825	0.777643619094713
Sym_84180_c0_g1	44.2691454951889	-0.467888973873246	0.105241578256575	-4.44585668159167	8.75422989182005e-06	7.99677149021559e-05
Sym_84200_c0_g1	31.9929705217965	-0.253786140369256	0.216524727510435	-1.17208848747783	0.241161531536849	0.359176749097434
Sym_84255_c0_g2	134.31426052743	0.157371024563282	0.105391383444801	1.49320579557346	0.135383325514565	0.232949635342078
Sym_84416_c0_g1	166.412086352058	-0.450763386870016	0.142535113266458	-3.16247257633529	0.00156435469132982	0.00619838651281628
Sym_84581_c0_g1	30.799449351826	0.0107112337593649	0.130825313519708	0.0818743213464671	0.934746654463785	0.968569724197672
Sym_84654_c0_g1	70.7335766781462	-0.293420151555009	0.155535173890444	-1.88651958406327	0.0592249718732462	0.121536587231743
Sym_84905_c0_g1	41.7110748445642	-0.377500966862981	0.188122376216469	-2.00667764492087	0.0447839978472864	0.097626016068479
Sym_85001_c0_g1	68.4831018818825	-0.232535058906161	0.171166144184317	-1.35853418918966	0.174294241599891	0.277988284070712
Sym_85763_c0_g2	66.7078845827928	0.120110375416373	0.155472452473727	0.772550850683149	0.439788241503278	0.564290411704816
Sym_86661_c0_g1	45.5999298050391	0.212434165801648	0.163342238018362	1.30054643782808	0.193413751122898	0.305390133351945
Sym_87251_c0_g1	57.7234926935608	-0.365414515421599	0.21276126291395	-1.71748611761808	0.0858903887918128	0.160091553073497
Sym_87432_c0_g1	29.2839393442197	-0.131726424896833	0.248597809148449	-0.529877658005318	0.596196757580689	0.704697856052222
Sym_88907_c0_g1	26.9669894354892	0.247633781957282	0.221264240541653	1.11917669728772	0.263064764663406	0.380990348822863
Sym_89236_c0_g1	31.2941596698292	0.539346072890456	0.116782527448261	4.6183798610576	3.86747788432696e-06	4.0608517785433e-05
Sym_89392_c0_g1	32.9752356157597	-0.458010161312084	0.128865526834478	-3.55417133319432	0.000379172108960675	0.00207720372734979
Sym_89597_c0_g2	63.7734499932124	0.637287901161543	0.0879119455108304	7.24916161800824	4.19359252616276e-13	2.93551476831393e-11
Sym_89625_c0_g1	52.5989865590884	0.036077389473458	0.0885896805812327	0.407241444339295	0.683830665009611	0.780100957881037
Sym_89763_c0_g1	75.1601840220597	0.416002749104995	0.169844914709394	2.44930941745755	0.0143130433209729	0.0386215810219559
Sym_90254_c0_g1	45.4771594895441	0.643118868182789	0.200563457684641	3.20656053504027	0.00134332038295963	0.00549540156665302
Sym_90318_c0_g1	35.204164764909	-0.189739753664387	0.213544833492567	-0.888524206187322	0.374258841005336	0.499540402189326
Sym_90538_c0_g1	44.2767825948166	-0.0580351654192023	0.0814120966367803	-0.712856784393184	0.475934383239757	0.596100718570669
Sym_90654_c0_g1	26.9333676043642	0.19205643379408	0.138513373666027	1.38655516583657	0.165577447581882	0.26880751645171
Sym_91477_c0_g1	61.4384105859249	-0.101503206590145	0.138766406099503	-0.731468151717942	0.464493250840501	0.584515543620967
Sym_92614_c0_g2	80.894394493181	-0.26135900932125	0.0887289890730974	-2.94558759264049	0.00322341865032995	0.0112196339762866
Sym_92829_c0_g1	45.1307599237536	-0.0990384275921533	0.0972233159273928	-1.01866950995701	0.308359892322247	0.429023182677595
Sym_92876_c0_g1	336.878691337808	-0.285869570081036	0.158216988937569	-1.80681968479275	0.0707903984266207	0.135556082093529
Sym_93060_c0_g1	32.8126786946151	0.0937587756082991	0.214176217031528	0.437764644962878	0.661556902488813	0.763334887487091
Sym_93418_c0_g1	71.1263582264318	0.490261897117033	0.138651733484181	3.5359233151814	0.000406352631060728	0.0021695098099005
Sym_93732_c0_g1	30.8616046392526	-0.663918503668057	0.263016647061062	-2.52424518024489	0.011594703055716	0.0327563359870004
Sym_94454_c0_g1	32.6149745412298	0.33951773556817	0.344625658867443	0.985178343028609	0.324536476558261	0.446414803999354
Sym_94487_c0_g1	68.7647104993279	0.481026420682744	0.102879883851971	4.67561201152667	2.93078253225366e-06	3.18343619882726e-05
Sym_94700_c0_g1	32.2214758699951	0.476024620276916	0.167105399643973	2.84864894426579	0.00439052968565387	0.0146350989521796
Sym_94893_c0_g2	43.3558048728024	0.361626797692865	0.227912854175943	1.58668890791784	0.112583119759521	0.201675529860518
Sym_94893_c0_g3	41.859913390744	-0.077479418926381	0.133857456016914	-0.578820345402284	0.562710401561018	0.673968731907683
Sym_94893_c0_g4	59.0184449056356	0.128032875831344	0.129149872713999	0.99135115769623	0.321514140922496	0.444197168379765
Sym_94907_c0_g2	60.4959109912575	-0.27936790198448	0.0801691855625705	-3.48472920142663	0.000492635339659732	0.00250290535472283
Sym_94934_c0_g1	133.055318280467	-0.236086861867348	0.0702592066061287	-3.36022669869936	0.000778785405293925	0.00352974680097246
Sym_95436_c0_g2	44.2540933202137	0.137002543860806	0.279740812419311	0.489748144634146	0.624312128918311	0.730492396595714
Sym_95857_c0_g2	41.4748245161687	0.352034790174936	0.189788255822472	1.85488184529305	0.0636131010260885	0.126423513080239
Sym_96651_c0_g1	48.8652339494679	0.28301948972379	0.220654977035037	1.28263360984081	0.19962046934352	0.312061775896818
Sym_96774_c0_g1	100.644748440183	-0.348685430338614	0.143293863267354	-2.43335912919066	0.0149594552036144	0.0397656404146711
Sym_97411_c1_g2	35.098852525381	0.0816887370477316	0.254706354946022	0.320717310194492	0.748424628082042	0.828659957278886
Sym_97411_c1_g3	33.8841174955753	-0.383603081161124	0.295999158786058	-1.29596003831344	0.194989252899473	0.30710807331667
Sym_97621_c0_g2	43.4074701428358	0.123373816218383	0.114382596491454	1.07860653633266	0.280763166254909	0.399279446367026
Sym_98005_c1_g1	48.6486625016503	-0.636701147853783	0.141203725164563	-4.5090959683376	6.51044554570071e-06	6.40871983404913e-05
Sym_98005_c2_g1	66.8787264345542	-0.0282282754229219	0.138018795855344	-0.204524863791071	0.837943364125377	0.896272189132407
Sym_98024_c0_g2	52.8512374497786	0.0677573011722785	0.0973033032311472	0.696351500126556	0.48620872834167	0.605358693389826
Sym_98213_c0_g1	25.9983110945382	0.416365238732524	0.128554692638114	3.23881789289953	0.00120026181983712	0.00507493252682809
Sym_98887_c0_g1	167.754700636049	-0.278433958523115	0.107121245387888	-2.59924123842007	0.00934300886116097	0.027000438451979
Sym_99370_c0_g1	32.4201184399461	0.0231480901607195	0.138438940141615	0.167207941183602	0.867206436225395	0.918218579532771
Sym_99526_c0_g1	274.110720456986	-0.749604871549466	0.108290488403659	-6.9221672429371	4.44785682712483e-12	2.54740891008058e-10
