baseMean	log2FoldChange	lfcSE	stat	pvalue	padj
Sym_100100_c0_g2	93.2336620951292	-0.128312765362444	0.183416960696679	-0.699568703325304	0.484196693267268	0.71570976333277
Sym_100230_c0_g1	67.8361411518469	-0.132198545754894	0.189065202839399	-0.699221981462079	0.484413315426448	0.71570976333277
Sym_100246_c0_g3	80.4975709229601	0.229017999008791	0.249717533579612	0.917108205122402	0.359085941878072	0.628366332396177
Sym_100437_c0_g1	99.6199316700787	0.253988660274834	0.166866670452636	1.52210540059243	0.127982673017252	0.389868914760511
Sym_100629_c0_g1	163.9414529534	-0.0853569438887776	0.173045128126092	-0.493264068241094	0.621826013591047	0.829101351454729
Sym_100793_c2_g1	111.495909924946	-0.0434372259205317	0.172053113391655	-0.252464050572878	0.800682397769821	0.940561412702664
Sym_100802_c0_g1	129.940010305374	0.0314725742980706	0.159306282098152	0.197560158228284	0.843389209464217	0.941934014280146
Sym_101037_c0_g1	139.608110414545	-0.00660494566573573	0.168396231112336	-0.0392226454363436	0.968712879078896	0.979015176527067
Sym_101057_c0_g1	182.904974922169	-0.309308421504576	0.173579101275239	-1.78194505693467	0.07475819193842	0.289194303451715
Sym_101138_c0_g1	94.8592914827696	-0.378232364297642	0.207325943416711	-1.82433687778968	0.0681011584579897	0.275767654002724
Sym_101210_c1_g3	60.3751824837846	0.265632610252527	0.197377228341201	1.34581183698321	0.178363207009148	0.450024091530773
Sym_101261_c1_g1	77.9641189630443	0.0164608229356541	0.178636267866598	0.0921471498046893	0.926581127650515	0.964820983712282
Sym_101299_c0_g1	53.9566524065268	-0.110877360415183	0.23499410022077	-0.471830400469701	0.637047849840136	0.835806778990258
Sym_101312_c0_g2	33.0048212738464	-0.137997975936767	0.320162870433285	-0.431024296321465	0.666450704380123	NA
Sym_101326_c0_g1	177.378923875191	-0.228002208034475	0.15217602923742	-1.49827938852809	0.134060676890346	0.389868914760511
Sym_101441_c0_g1	121.54713788569	0.287354785486549	0.176084701934129	1.63191226909675	0.102697969024387	0.362203589677408
Sym_101501_c0_g1	143.768236650169	-0.396693768792495	0.148334003371302	-2.67432793409823	0.0074879190392913	0.0599033523143304
Sym_101501_c0_g2	76.041360660439	0.0870188302270921	0.213731281316572	0.407141292987443	0.683904216727384	0.872842735745454
Sym_101543_c0_g2	265.173308139686	-0.0978670562390445	0.116130846061684	-0.842730932891522	0.399378943084982	0.664955803715096
Sym_101543_c0_g3	232.022680976357	0.213768329755451	0.142463731490758	1.5005105335832	0.133482207003211	0.389868914760511
Sym_101592_c0_g2	200.01141008103	0.0221939523397978	0.142297524383741	0.155968646931244	0.876057734859411	0.94522018761147
Sym_101592_c0_g3	114.635109582173	-0.204508844243645	0.192815150612075	-1.06064717214622	0.288850276292601	0.583008393435893
Sym_101757_c0_g1	135.174328354375	-0.360552090343473	0.158409533462517	-2.27607570366835	0.0228414789838389	0.129172501839641
Sym_101806_c0_g1	98.6788453239963	0.00889246470490518	0.19812019093086	0.0448841920812024	0.964199617037447	0.979015176527067
Sym_101851_c0_g1	310.537123884731	-0.22014697253986	0.146631384056392	-1.50136325832671	0.133261631576936	0.389868914760511
Sym_101880_c0_g1	136.773004753221	0.124967380058019	0.155663392765995	0.802805192906717	0.422087340244574	0.680707779201572
Sym_101976_c0_g1	121.802033839492	0.0303728712354048	0.176144024422845	0.172432027341971	0.863097895075526	0.943942876317479
Sym_102324_c0_g5	59.4966526963687	0.304611191459181	0.204743814471404	1.48776749249109	0.136812221365006	0.389868914760511
Sym_102382_c3_g3	586.559287161466	0.253767519543008	0.0878733022021935	2.88787963105218	0.00387848262216593	0.0382811485416062
Sym_102395_c0_g1	159.745996253792	0.888174367790944	0.145913306426685	6.08700049050848	1.15045618163263e-09	1.6538876308777e-07
Sym_102471_c7_g1	197.905242982269	-0.0189985053548876	0.193757211387728	-0.0980531522869081	0.92189008725131	0.964820983712282
Sym_102539_c1_g2	59.7287003292667	-0.135044662204063	0.222055563321547	-0.608157076472397	0.543083299990472	0.764512113291308
Sym_102539_c1_g5	232.507452020929	-0.0941193262536622	0.140958230192047	-0.667710754635827	0.504318243680154	0.738465999674511
Sym_102539_c1_g9	70.1200667444337	-0.525925428975505	0.235761244877735	-2.23075437715918	0.025697403512288	0.138176202492303
Sym_102636_c0_g1	272.766940820579	-0.440053670709315	0.105761917131048	-4.16079513918089	3.17141475515652e-05	0.00086685336640945
Sym_102664_c0_g1	116.674445315695	-0.0194295054238325	0.207148765857977	-0.0937949369061339	0.925272053718796	0.964820983712282
Sym_102695_c0_g1	84.2369022204844	-0.708798755116438	0.222086562070436	-3.1915427413012	0.00141515171447168	0.0171914726795079
Sym_102774_c0_g1	262.930837632511	0.0729566794142257	0.140632834856547	0.518774150351485	0.603918246101044	0.818557246574752
Sym_102797_c0_g2	70.8862016918398	-1.29744536133417	0.227931966255908	-5.69224836097574	1.25377299583497e-08	1.02809385658467e-06
Sym_102806_c2_g3	63.3145081993887	-0.626426592184912	0.202826597459311	-3.08848346337112	0.00201180889729312	0.0235669042254337
Sym_102806_c2_g4	124.218713416478	-0.242447672505332	0.201650026648649	-1.20231906999828	0.22923993119802	0.516110597241111
Sym_102873_c0_g2	48.4835069321809	-0.241012886478048	0.260913143914459	-0.923728421121873	0.355627730784332	0.628366332396177
Sym_102902_c2_g1	96.6848134985287	-1.2492724348415	0.243342054850194	-5.13381230223677	2.83931267097411e-07	1.16411819509939e-05
Sym_103005_c0_g1	193.31225952973	-0.295900557396468	0.156503222413574	-1.89069945546887	0.0586644751940913	0.253183524521868
Sym_103012_c3_g1	47.2663912342848	0.254388769074282	0.26258493582645	0.968786607173897	0.332651670144468	0.624395223585981
Sym_103171_c0_g1	168.870352424003	0.084878316600177	0.160686352029638	0.528223558056267	0.597344180302432	0.818557246574752
Sym_103259_c1_g1	53.1776431901676	0.066371704651722	0.222540948644856	0.298244907536734	0.765516249199719	0.916384415100394
Sym_103259_c1_g2	45.4690519523883	0.808234218435648	0.274193925088585	2.94767368815531	0.00320174833432694	0.0350057817886412
Sym_103259_c1_g4	184.220613304865	0.142442569147977	0.148350607449135	0.960175166096416	0.336967063232274	0.624395223585981
Sym_103259_c2_g1	65.1622658478403	-0.496546730506645	0.215919530120639	-2.29968419359385	0.0214661182624673	0.125730121251594
Sym_103301_c0_g1	242.01399095353	-0.153699424828789	0.159450150819657	-0.963934019746569	0.335079006503518	0.624395223585981
Sym_103490_c0_g1	86.1305888016414	0.24777636101941	0.220173188153521	1.1253702737258	0.260432162242533	0.561802112045775
Sym_103496_c0_g1	109.920938859502	0.196829704065807	0.174575850274787	1.12747383876975	0.259542195408548	0.561802112045775
Sym_103660_c1_g1	113.516333912093	-0.573230874798751	0.188681948305694	-3.03808011283638	0.00238090649181102	0.0269288734246212
Sym_103755_c0_g1	147.432294927608	0.025200462739719	0.149672547017883	0.168370641388951	0.866291703140917	0.943942876317479
Sym_103763_c6_g1	100.583291458732	0.0405146954347495	0.176812238161265	0.229139656033296	0.818760372231102	0.940561412702664
Sym_103763_c6_g2	73.9758280783705	0.223099303128716	0.239479656605062	0.931600229812587	0.351543164320324	0.628366332396177
Sym_103894_c0_g1	70.8001256673946	-0.910324927689721	0.243632875861818	-3.73646177458429	0.000186627804515466	0.00295673393795979
Sym_103894_c0_g2	51.138149340463	-0.0689362106635852	0.229189711845886	-0.300782308718726	0.763580499674568	0.916384415100394
Sym_103894_c0_g4	40.7123742755562	-0.0606936983375584	0.27633381860679	-0.219639053386812	0.826152273794735	0.940561412702664
Sym_104048_c2_g7	60.3802643993196	0.117618576401721	0.266287327796626	0.441697986062449	0.658707767231597	0.85397686818958
Sym_104174_c0_g1	75.6171108765871	0.130604688251677	0.200381623755157	0.651779768045302	0.514543255166584	0.743481003060086
Sym_104246_c3_g2	51.0338588166252	0.28633150366214	0.235429822304942	1.21620744924688	0.223905906731957	0.512974398881094
Sym_104246_c5_g1	86.7453531337841	0.487819078469599	0.197030949759671	2.47585000764914	0.0132919406216646	0.0854854220373721
Sym_104246_c5_g4	52.1116619090555	-0.20816060861636	0.230719992396043	-0.902221807718514	0.366939052513247	0.636804281610292
Sym_104264_c2_g1	41.0168738949402	0.0177814873510457	0.304217737204759	0.0584498705250626	0.953390291706671	0.979015176527067
Sym_104397_c2_g9	137.861493847944	0.270072654866171	0.180867292720489	1.49320892021942	0.13538250785113	0.389868914760511
Sym_104594_c0_g1	92.4379811172174	-0.263175934160772	0.184262783400919	-1.42826418500449	0.153215832349538	0.406937865950248
Sym_104762_c1_g5	39.6204325678812	-0.282968847253495	0.294639298612543	-0.960390717008885	0.336858608364885	NA
Sym_104781_c1_g2	81.3042131227499	0.583929780055383	0.269306515307877	2.16827201298053	0.0301379965156264	0.152080967032699
Sym_104866_c10_g1	93.1887316663669	-0.622352335163047	0.235408238745999	-2.64371518379419	0.00820016244168219	0.0625500762993432
Sym_105077_c3_g2	75.9135890433311	-0.381662944777468	0.252522263419438	-1.51140315158481	0.13068576688526	0.389868914760511
Sym_105147_c1_g1	49.9175261043007	0.300840115358435	0.277967696514848	1.08228444934559	0.279126153671148	0.583008393435893
Sym_105147_c1_g2	34.714860150219	0.0554509253196294	0.363035502648028	0.152742431291604	0.87860139801552	NA
Sym_105388_c1_g2	42.8271688702734	0.052016378184841	0.273583935071394	0.190129505123416	0.849207650017905	0.941934014280146
Sym_105558_c0_g1	57.0435735885515	0.256804289078723	0.200288966370872	1.28216892688538	0.199783393941281	0.487191100526848
Sym_105819_c0_g1	69.2648023513995	-0.0254712484917332	0.197734203903943	-0.128815591783538	0.897503567862684	0.952689871388221
Sym_105943_c4_g1	59.1770084272779	0.211367256628082	0.227665777734761	0.928410315907612	0.3531947694381	0.628366332396177
Sym_106497_c4_g4	86.860149499442	0.279170719468544	0.235282407573777	1.18653460897201	0.235411242325494	0.523976831785187
Sym_106752_c2_g1	142.127239781088	0.0684730938643519	0.144040707677449	0.475373211978963	0.634520984522043	0.835806778990258
Sym_106752_c4_g4	73.7299185807986	0.213170751239561	0.20101826929466	1.060454614337	0.28893782724747	0.583008393435893
Sym_106900_c1_g4	41.402508773829	0.102255059312104	0.235709649358553	0.433817875468292	0.664420699885328	0.856144045189311
Sym_106992_c0_g1	114.366144752847	-0.0172816236378996	0.165767785395258	-0.104252002864689	0.916969366446216	0.963993436520381
Sym_107127_c2_g8	55.8707997022662	0.526408481918598	0.273284661513875	1.92622768874964	0.0540759499280216	0.236492154351881
Sym_107242_c3_g1	60.7033788081129	0.257168900229315	0.230181296253802	1.1172449908604	0.263889588630933	0.562050552408741
Sym_107300_c1_g1	41.2678726150718	-0.114813897852854	0.265653081919604	-0.432194864908816	0.665599791229495	0.856144045189311
Sym_107369_c2_g3	136.658867953742	-0.424320531856575	0.17023137400814	-2.49261062673608	0.0126807821109518	0.0831859306478436
Sym_107499_c4_g1	67.4267360769409	0.183033999693202	0.229532611314174	0.797420456488745	0.425206882594911	0.680707779201572
Sym_107578_c2_g1	57.7880382542263	0.870104345338882	0.24504160080017	3.55084337719638	0.000383998858826313	0.00547615763891437
Sym_107578_c2_g2	189.36366007211	0.314726012331222	0.139334803090956	2.25877530487321	0.0238973654171916	0.132853150115913
Sym_107647_c1_g2	62.1207161810731	0.00784144930233639	0.208926636711752	0.0375320707103275	0.970060769424685	0.979015176527067
Sym_107783_c2_g1	53.9860732879149	0.0547186115487422	0.261726465325125	0.209067934649899	0.834395205993308	0.940561412702664
Sym_107887_c2_g1	61.2830898043621	-0.272360163482432	0.270676675573883	-1.00621955292224	0.314309968463553	0.615944780956867
Sym_108316_c1_g1	146.439598154567	-0.758379290273468	0.186783637306834	-4.06020195991612	4.90302873095494e-05	0.00108634609553826
Sym_108329_c1_g2	49.7148493148237	-0.620722965398904	0.243803575853737	-2.545996149668	0.0108966390246296	0.0760446297889042
Sym_108395_c0_g2	167.720082081002	-0.238441076144047	0.148339926419887	-1.60739648386452	0.107967420918984	0.372771726962389
Sym_108429_c4_g2	255.467667803471	0.52160374942799	0.156995212167286	3.32241819497143	0.000892408344605159	0.0112580745011728
Sym_108429_c4_g6	36.6689441353202	0.2466459659111	0.258545358181427	0.953975610492388	0.340095988172873	NA
Sym_108771_c2_g1	116.878017664249	-0.10543288766637	0.159125856105853	-0.662575462256958	0.507602489811808	0.739971629592325
Sym_109060_c7_g1	61.2229216677054	-0.0468515227609895	0.221432159722672	-0.211584093384031	0.832431520019778	0.940561412702664
Sym_109253_c1_g1	76.5600806049188	-0.288050794668967	0.216156760003175	-1.33260137071233	0.182662655118747	0.457353823503427
Sym_109253_c1_g2	140.537716767753	-0.256057970399874	0.161375526098561	-1.58672121225795	0.112575799880772	0.382157393263963
Sym_109253_c1_g3	38.8512275570044	-0.522094253148629	0.261125939157538	-1.99939636342925	0.0455654850981347	NA
Sym_109358_c2_g1	50.7824283508627	-0.231195818904828	0.242007229791505	-0.95532608304309	0.33941282115269	0.624395223585981
Sym_109489_c3_g1	112.080008487299	-0.0309690119924604	0.187943004487769	-0.164778742772923	0.869118136121582	0.943942876317479
Sym_109725_c2_g2	50.1392612980304	-0.497121185441631	0.285350258382412	-1.74214380691191	0.0814832838215945	0.310566839960686
Sym_109973_c6_g1	53.2902921702045	0.0135123423640739	0.244787577565808	0.0552002781286614	0.955978907360512	0.979015176527067
Sym_110125_c3_g1	78.3790170364033	-0.207466859258199	0.180161186399328	-1.15156246139692	0.249500914411098	0.549236912260671
Sym_110573_c2_g1	108.362461264866	-0.392263215696451	0.177962175137238	-2.20419432047261	0.0275106810353042	0.145540377089997
Sym_110573_c2_g2	35.5973376568002	0.410761215729506	0.294550281615546	1.39453682908252	0.163155556057226	NA
Sym_110573_c3_g1	78.6299944179374	0.221859441940567	0.210488299982152	1.05402267945239	0.291872533841294	0.583008393435893
Sym_110573_c3_g4	63.0854517055145	0.051752016003977	0.273718922077866	0.189069924764846	0.850038012886961	0.941934014280146
Sym_110707_c7_g1	472.246705119765	-0.25372767830916	0.267382758093617	-0.948930589684189	0.342655915382551	0.624395223585981
Sym_110716_c0_g1	116.017731583866	-0.194003362035708	0.210651872791704	-0.920966709028698	0.357067808232423	0.628366332396177
Sym_110740_c0_g1	97.6578785517936	0.36491527988785	0.179979131153832	2.02754217974277	0.0426069953528507	0.196832316559648
Sym_111127_c1_g1	79.5983863414877	-0.0350603977468574	0.185159601562157	-0.189352307150476	0.849816701577415	0.941934014280146
Sym_111127_c1_g2	121.117523691209	-0.221037209286745	0.193777919092972	-1.14067283992607	0.254006093029432	0.555426656757691
Sym_111423_c4_g1	58.4341694230364	0.212370337761533	0.240887553540827	0.881616067911701	0.377984463012317	0.645723457646041
Sym_111553_c2_g1	48.6954500964246	-0.344504594712837	0.268817588944263	-1.28155525858938	0.199998703756672	0.487191100526848
Sym_111600_c1_g1	40.643522472932	-0.31875432053679	0.269227083945595	-1.18396082543168	0.236428570439657	0.523976831785187
Sym_111787_c1_g1	920.365259764479	-0.701418071794977	0.125948306178364	-5.56909491741516	2.56065971923885e-08	1.67979277582068e-06
Sym_112013_c3_g1	228.134513352371	0.321754029708803	0.117831286151812	2.73063326572078	0.00632127702226967	0.0518344715826113
Sym_112123_c0_g2	39.7534126834788	0.377183476163701	0.292872966029872	1.28787399286703	0.197789829918183	0.487191100526848
Sym_112389_c0_g1	42.6805477318308	-0.259301876526501	0.241007221539425	-1.07590915687181	0.281967886277585	0.583008393435893
Sym_112403_c2_g7	32.8755731975932	1.01382156848936	0.29317402335915	3.45808798771843	0.000544023678947059	NA
Sym_112513_c2_g1	69.3202343642427	-0.349766776963514	0.221797150623615	-1.57696695372368	0.114803129112334	0.382157393263963
Sym_112519_c1_g6	39.5652032993809	0.00431702218203002	0.261268427721157	0.0165233213200848	0.986816896903707	NA
Sym_113175_c1_g1	106.127276413185	-0.723650824012196	0.18427553568452	-3.92700431624893	8.60104382430959e-05	0.00165949551433738
Sym_113215_c4_g5	79.1097639983918	-0.577331284674795	0.22646450469703	-2.54932350412778	0.0107932127854111	0.0760446297889042
Sym_113244_c2_g3	49.148113566286	1.09158415958381	0.292424153271989	3.73287961124233	0.000189303087491328	0.00295673393795979
Sym_113270_c1_g1	268.492363715437	-0.0675881715433017	0.149949840712045	-0.45073853511518	0.652178005460608	0.852248548968444
Sym_113516_c10_g2	44.4858418145483	-0.253823839582794	0.283289564628605	-0.89598725570975	0.370259569809991	0.639184941566721
Sym_113535_c0_g1	39.5340401973059	0.207248786410491	0.250681458835272	0.826741584213767	0.408383546161906	NA
Sym_113535_c0_g2	45.6224217301805	-0.301783413683218	0.26908065204995	-1.12153516569894	0.262060131533548	0.561802112045775
Sym_113653_c1_g2	45.3317600695022	0.105178877087942	0.286281764272452	0.367396356366744	0.713323389056514	0.889620044146527
Sym_113764_c0_g1	305.415972951438	0.0260548065971805	0.152871742093366	0.170435727626284	0.864667476576263	0.943942876317479
Sym_113783_c0_g1	288.126867108627	0.107395156297557	0.120585491472	0.890614243774875	0.373136155085965	0.640778318681657
Sym_114475_c0_g3	217.25794374418	-0.179618617073275	0.14955143567744	-1.20104909899151	0.229732156089031	0.516110597241111
Sym_114698_c0_g1	298.633905402183	-0.384857501143402	0.133599476751819	-2.88068120100748	0.00396816783662991	0.0382811485416062
Sym_114890_c0_g1	97.1832054430173	0.169788302786598	0.210804240537197	0.805431154297099	0.420570919779788	0.680707779201572
Sym_114907_c1_g1	136.166364742031	0.00101555262842773	0.189073843215554	0.00537119577809581	0.995714426421901	0.997286794954703
Sym_114907_c2_g1	124.331052989737	-0.234074072857646	0.157156719671336	-1.48943089005146	0.136373939371418	0.389868914760511
Sym_114907_c3_g1	130.135022113761	-0.0922430246472788	0.175521394176818	-0.525537214878515	0.599209789812246	0.818557246574752
Sym_114907_c3_g2	191.039399782807	-0.514766037556722	0.199813065413415	-2.57623812783047	0.0099881832352025	0.0728027578032538
Sym_114970_c0_g2	72.6825913610195	-0.507967548505129	0.201418044176978	-2.52195651378086	0.0116704134510056	0.078120318610813
Sym_115069_c1_g1	41.5491302672574	-0.200536489104287	0.266765387430006	-0.751733540232628	0.452211315998741	0.696473079201694
Sym_115147_c3_g1	67.7721753373333	-0.165224185346617	0.228264676016771	-0.723827217727186	0.469171817398475	0.709162931367281
Sym_115306_c0_g1	53.4257682986398	0.0562212687164189	0.230526550874597	0.24388196718825	0.807322235660294	0.940561412702664
Sym_116433_c1_g2	76.9882094954752	-0.420960305565829	0.183971777827748	-2.2881787116281	0.0221271159188865	0.127327965287628
Sym_116556_c1_g3	38.6995840175709	0.0108539936085469	0.307344999026834	0.0353153415312258	0.971828290188707	NA
Sym_117295_c0_g5	107.02031415927	0.316862067087326	0.170267877905591	1.86096209681439	0.0627495294872505	0.263869816305361
Sym_117295_c0_g7	77.0342890947585	0.099301337954322	0.184368453787564	0.53860265091088	0.590161058024114	0.813331206016427
Sym_117309_c3_g2	54.0054646341342	0.199602774102823	0.254370971866206	0.784691636150253	0.432634387785359	0.685526952626077
Sym_117444_c0_g1	275.771619515736	0.20519450740046	0.132653828584274	1.54684195390638	0.121901360846544	0.389868914760511
Sym_117760_c6_g1	43.6706842947456	-0.20077796541672	0.265458783399192	-0.756343274258112	0.44944340892438	0.696473079201694
Sym_117960_c0_g2	49.4968337840879	-0.318721389641999	0.262799099934298	-1.21279482966906	0.225208272679505	0.512974398881094
Sym_117960_c0_g3	92.5337621128554	0.631201507287751	0.164268973222898	3.84248768896404	0.000121793525061767	0.00221846128136423
Sym_118341_c1_g2	333.480344128727	0.134982896217624	0.169284683970266	0.797372172436655	0.425234915795073	0.680707779201572
Sym_118541_c1_g1	120.35043655969	-0.128230730507461	0.205557275082193	-0.623819957022623	0.532745831683442	0.759741881705083
Sym_118811_c2_g1	71.0610501305575	0.14207524815176	0.19362931815621	0.73374863633585	0.463101950245449	0.70649971944422
Sym_118868_c0_g1	55.1545609567182	0.397891744129822	0.223219196492929	1.78251579784011	0.0746651573465472	0.289194303451715
Sym_118905_c5_g3	52.3424685129298	-0.0344536436705039	0.227309473684633	-0.151571525427508	0.879524893296372	0.945849721315443
Sym_119017_c0_g5	118.881778775658	0.0717418784985721	0.185426375989095	0.386902230687998	0.698828589674664	0.882165746844484
Sym_119054_c0_g1	123.351028517738	-0.272258576488987	0.18967973516204	-1.43535932426519	0.151184730684446	0.406937865950248
Sym_119250_c0_g3	221.173072968799	0.190773724470913	0.156586883097854	1.21832506463325	0.223100468848561	0.512974398881094
Sym_119275_c3_g2	197.609941246214	0.0216066528648715	0.128883798340569	0.167644445175156	0.866863003791181	0.943942876317479
Sym_119480_c3_g1	49.8631385731208	0.122806661159708	0.257871346313632	0.476232287593311	0.633908899352138	0.835806778990258
Sym_119843_c6_g1	40.6630578645666	-0.37116438169379	0.258730985419523	-1.43455713698906	0.151413336274827	0.406937865950248
Sym_119993_c5_g1	46.8687234850969	-0.148025071763047	0.311690441626766	-0.474910526580406	0.634850748137456	0.835806778990258
Sym_120482_c0_g1	789.575344197816	0.230319501459303	0.125134901552784	1.84056964604834	0.0656846493354042	0.269555531725154
Sym_120595_c3_g2	118.29035492007	0.567728186466097	0.162178905382981	3.50062904374292	0.000464161454688873	0.00634353988074794
Sym_120676_c2_g1	61.2924697002818	-0.350950943098049	0.23203792145397	-1.51247236184051	0.130413738506457	0.389868914760511
Sym_120913_c7_g2	107.964306621389	0.171686630470653	0.330962581836533	0.518749368940599	0.603935529485031	0.818557246574752
Sym_120986_c2_g1	51.0971105165567	0.1467608570026	0.257926141989525	0.569003420399937	0.569353818742709	0.790385097880864
Sym_121225_c2_g1	75.1047763896018	-0.107402591895442	0.184804608196833	-0.581168364487153	0.561126986731859	0.783190007012978
Sym_121495_c10_g2	61.2255423650403	0.43223683105622	0.257548488222416	1.67827360991125	0.0932936974257004	0.332612312561193
Sym_121495_c10_g3	78.8514836279403	0.616948309243652	0.215874812078643	2.85789853528116	0.00426456731688099	0.039965087998199
Sym_122621_c3_g1	45.8448210239144	-0.390739863012017	0.248942057407338	-1.56960164578643	0.116507815399198	0.382157393263963
Sym_122968_c2_g6	51.0748488533327	0.549088533081057	0.217213413599012	2.52787580648544	0.0114754937016692	0.078120318610813
Sym_123848_c1_g2	95.4740959984965	0.0753960194378609	0.310723272088267	0.242646837911913	0.808278993887664	0.940561412702664
Sym_123931_c0_g2	43.4342136957893	0.278048789015205	0.28133447716237	0.988321061178473	0.322995433916406	0.615944780956867
Sym_123942_c3_g1	132.499131524486	-0.429522051086691	0.16601053053008	-2.58731810394921	0.00967262497876356	0.0721050225689647
Sym_124087_c4_g1	143.074976468173	0.111216933477128	0.162559612801837	0.684160915249613	0.493873559709364	0.726414921904355
Sym_124628_c1_g1	39.2956086520638	-0.0332124779991658	0.307028320403187	-0.108173988495757	0.913857678031377	NA
Sym_125225_c1_g2	275.519020796456	-0.0677479120753082	0.163707240853559	-0.413835770012829	0.678994385640745	0.869961556602204
Sym_125225_c1_g3	71.4653324311224	-0.553460732858091	0.227528743999409	-2.43248709209034	0.0149955259916225	0.0945871639471573
Sym_125797_c5_g1	313.608426869558	-0.0978625613888707	0.123234884062377	-0.794114119013054	0.42712899879404	0.680707779201572
Sym_126375_c0_g3	210.024297302354	0.0385590514499083	0.125281374074437	0.307779601994134	0.758250043900558	0.914360347056555
Sym_126811_c0_g5	205.571977892517	0.185246550132302	0.174297642582927	1.0628173014111	0.287864811880081	0.583008393435893
Sym_127086_c1_g3	300.588903031725	0.0350408629934805	0.15657429425986	0.223797036155402	0.822915236287279	0.940561412702664
Sym_127107_c0_g1	66.2056705303279	-0.0980359133853588	0.261087121619688	-0.375491187681645	0.707295199027647	0.886582936606277
Sym_127689_c0_g1	117.717547617384	0.192212945178625	0.154371954986583	1.245128658216	0.213084461341839	0.496700251206373
Sym_128149_c1_g1	151.29529784996	-0.724578281625375	0.182462104388079	-3.97111654529791	7.15365707567207e-05	0.00146649970051277
Sym_128217_c1_g1	35.1438649995699	0.19034302036186	0.261950367890344	0.726637728722488	0.467447909518538	NA
Sym_128685_c8_g1	104.612790791855	0.206389514866173	0.161233065910841	1.28006940574028	0.200520727350989	0.487191100526848
Sym_128696_c2_g1	113.927480261287	0.0274893344434005	0.164591532316881	0.167015484068017	0.867357865523423	0.943942876317479
Sym_129674_c4_g3	61.4441745501172	0.207490813879642	0.2165566274418	0.95813652221475	0.337993921062979	0.624395223585981
Sym_130165_c13_g1	58.8785026111531	-0.387813178273623	0.245613227466435	-1.5789588462886	0.114345496850337	0.382157393263963
Sym_130366_c3_g5	88.7837393277843	-0.273426625422698	0.216507244523361	-1.26289827402609	0.206625740312396	0.487577286492561
Sym_130444_c3_g1	357.525601409075	0.216084450481951	0.112100695336263	1.92759241888529	0.0539058425853271	0.236492154351881
Sym_130891_c0_g1	284.425003440395	0.587977942881103	0.123638833721259	4.75560893923252	1.97849133229431e-06	5.89950142720485e-05
Sym_131189_c6_g1	162.337719145321	-0.147119989222365	0.201675057307709	-0.729490256189168	0.465701825928963	0.707176846781018
Sym_131859_c1_g2	39.828734496903	0.0279353546201075	0.322897943218107	0.0865145015842918	0.931057428696179	0.96641403991249
Sym_132105_c3_g7	37.8099026943808	-0.188677913878977	0.294262042593398	-0.641190118222913	0.521399169109103	NA
Sym_132395_c3_g1	37.5386880954153	-0.524047386574689	0.291120919201802	-1.80010212942281	0.0718445134398627	NA
Sym_132541_c0_g1	41.2283205840618	0.361747802440302	0.24444346206703	1.47988332099922	0.138904387551165	0.389868914760511
Sym_133183_c1_g1	48.7074863676012	0.0111278876488347	0.255694068456355	0.0435203198729427	0.965286766954017	0.979015176527067
Sym_133411_c1_g2	71.6357381875285	0.244796647602006	0.283388606099375	0.863819653766051	0.387686969510162	0.652109364099144
Sym_133813_c2_g1	356.548549010815	-0.222675934057237	0.13232519973628	-1.68279310744306	0.0924151498021912	0.332612312561193
Sym_134154_c0_g2	46.6043179730604	0.692391411878586	0.261399827879423	2.64878296782188	0.00807821905288458	0.0625500762993432
Sym_134172_c0_g1	95.9405645637237	0.0681024972571592	0.1819489183184	0.37429459810244	0.708185150581843	0.886582936606277
Sym_134569_c0_g2	38.1885662942257	-0.0296423342341037	0.272536862152926	-0.108764495195042	0.91338928543497	NA
Sym_134584_c0_g1	142.505351505193	0.100186465617346	0.176873479899513	0.566430115324612	0.57110142743221	0.790385097880864
Sym_135168_c1_g2	35.6421426794984	-0.0243877217672485	0.254269289706009	-0.0959129661133913	0.923589696589578	NA
Sym_135168_c1_g4	54.1979777353119	0.177693815158511	0.235179106625121	0.755568033693392	0.449908227676173	0.696473079201694
Sym_135260_c3_g1	77.8425333173464	-0.284293906895169	0.225025582326803	-1.26338482920707	0.206450913527505	0.487577286492561
Sym_135943_c0_g1	77.0277047291395	-0.839879872351055	0.219329887324526	-3.82929970281865	0.000128508427883903	0.00221846128136423
Sym_136070_c2_g1	153.17501647502	0.0185922086809795	0.154128825592924	0.120627719113906	0.903985912480009	0.953399933419431
Sym_136210_c0_g3	38.4869622331848	0.274400691676304	0.295568798148177	0.928381796033623	0.353209557943342	NA
Sym_136536_c0_g1	50.7642004814082	-0.150736112933693	0.245350083845431	-0.61437155663927	0.53896982697804	0.764077978725849
Sym_136781_c0_g5	237.684406111484	0.0294440586291026	0.135758921291474	0.216884889398069	0.828298053845853	0.940561412702664
Sym_136909_c0_g1	1166.27235312505	-0.354517168214196	0.0733296886665736	-4.83456529900416	1.33436899500525e-06	4.37673030361721e-05
Sym_136948_c0_g1	208.642271807996	0.0325018394499492	0.12329357800997	0.263613401237499	0.792077831012987	0.940561412702664
Sym_137859_c0_g1	44.6162435298554	0.101602173944174	0.227850127047269	0.445916687696626	0.655657427454309	0.853395381765925
Sym_138988_c3_g1	80.1826491015522	0.0721603814224617	0.212707680681202	0.339246712630997	0.734423881901827	0.895505699865424
Sym_139720_c2_g1	94.6314219045483	-0.168427563459081	0.207258402781299	-0.812645283370286	0.416421460827373	0.680707779201572
Sym_139797_c4_g1	57.7192245628519	0.234373488171862	0.246264264443324	0.951715380636567	0.341241346884004	0.624395223585981
Sym_139907_c0_g1	110.065945905538	-0.13083321406126	0.184547553880227	-0.708940385881095	0.478361471802375	0.71570976333277
Sym_140163_c0_g1	81.3784231365002	-0.0398544037077323	0.190706424344677	-0.208983015882573	0.834461497245351	0.940561412702664
Sym_140883_c1_g1	132.462477146536	0.219642835669882	0.210744454506308	1.04222356020907	0.297308042307287	0.587452035402351
Sym_141083_c0_g1	202.121728531857	-1.07405403617785	0.177735097480356	-6.0430047379728	1.51270210141253e-09	1.6538876308777e-07
Sym_141362_c0_g3	102.400124952028	-0.244378848798595	0.167960379954123	-1.45497913773084	0.145675037164223	0.401524472183741
Sym_142188_c6_g1	34.5319544779891	0.473059453857004	0.305315557124742	1.54941156065535	0.121282816460344	NA
Sym_143145_c5_g3	35.7267583276095	0.288111293322838	0.263680792210519	1.09265180412843	0.274546708231333	NA
Sym_143244_c1_g1	65.8006649915567	-0.488459112336813	0.206226723373251	-2.36855391167103	0.0178577775641789	0.106497291655467
Sym_143319_c2_g2	50.2994061406881	0.360920147591112	0.261836258593393	1.37841928207348	0.168073873485353	0.430689300806217
Sym_143426_c2_g1	55.0375536162657	0.138822852488109	0.215306656016311	0.644768048775936	0.519077510474319	0.746743085243758
Sym_144233_c1_g1	39.9121951073466	0.10693778348144	0.273872942580423	0.390464945072249	0.696192771979872	0.882165746844484
Sym_144324_c2_g4	53.1018777102129	0.0896861698701228	0.25590325684992	0.350469044333896	0.725986717836792	0.895505699865424
Sym_144769_c1_g2	41.3030231030749	0.207212824487345	0.258583346694572	0.801338628864203	0.422935633586496	0.680707779201572
Sym_144984_c0_g1	136.533560891492	-1.40095439266659	0.199630263641589	-7.01774554173722	2.25476691277282e-12	7.39563547389486e-10
Sym_146541_c1_g1	46.035750588415	-0.281797226228065	0.262302241736662	-1.07432259961764	0.282678119420619	0.583008393435893
Sym_146798_c0_g2	471.536172000537	-0.174583313896016	0.127532038734285	-1.36893690110109	0.171018999669017	0.434839006910368
Sym_146798_c1_g2	72.4066981483279	0.0968265073883781	0.189314142047986	0.511459452214803	0.609029374069554	0.822064340307876
Sym_147389_c1_g1	127.010503882924	0.306991178867596	0.180355745656279	1.70214249482607	0.0887286595213592	0.327000003629279
Sym_147711_c0_g1	94.1273348818112	-0.50164756348444	0.181346398687571	-2.76623945727587	0.00567068782144447	0.0483605478858904
Sym_148542_c0_g2	222.271284796834	0.000569612938859926	0.167508347530632	0.00340050479428055	0.997286794954703	0.997286794954703
Sym_148791_c2_g2	45.6028888445454	-0.764273144833686	0.273224826115432	-2.7972316999876	0.00515425558152426	0.0456917792091881
Sym_148851_c1_g6	67.6733009118076	-0.339872509908287	0.225031551729574	-1.51033269466462	0.130958553165562	0.389868914760511
Sym_149385_c2_g1	143.564277773147	-0.325223301511262	0.188860909908765	-1.72202549309104	0.0850649005383956	0.317060083824929
Sym_149661_c2_g2	40.5645762732371	-0.0356109673815182	0.265224099814567	-0.134267464406198	0.893191079888884	0.952689871388221
Sym_151345_c3_g1	137.959262171017	-0.194559046825684	0.181939618305175	-1.06936053091714	0.284907244929411	0.583008393435893
Sym_152125_c5_g2	805.368925615028	-0.625307849433681	0.113285498541478	-5.5197519319274	3.39478562932873e-08	1.85581614403304e-06
Sym_152309_c0_g2	111.677975147321	-0.561921403952566	0.193683798056542	-2.90123081843182	0.00371699975110169	0.0382811485416062
Sym_152567_c7_g1	36.156739501254	0.473144512074318	0.276458578851747	1.71144810929541	0.086998422556626	NA
Sym_152950_c3_g7	65.7532703162347	-0.0551120680178004	0.222713119181412	-0.247457663115519	0.80455405268349	0.940561412702664
Sym_153078_c0_g1	40.6944506152397	0.248449301092015	0.271512084820686	0.915057984458029	0.36016119051976	0.628366332396177
Sym_154888_c1_g1	69.855492481584	-0.5375011184574	0.257940838447936	-2.08381550471657	0.0371769524519108	0.17932412359157
Sym_157791_c0_g1	58.7007398224512	-0.00472059753006793	0.231329658067947	-0.0204063653986008	0.983719206054883	0.989754293208594
Sym_158035_c0_g1	47.3625357852196	0.182781655114293	0.255448135100806	0.715533331422299	0.474279552465219	0.713594922975193
Sym_158124_c0_g1	48.7606088322618	0.449209450519254	0.226859610231945	1.98012087766516	0.0476899477343031	0.214278121326732
Sym_17199_c0_g1	43.2469185741777	0.221331755354528	0.238494383955369	0.928037598553881	0.353388066687566	0.628366332396177
Sym_172288_c0_g1	54.1143834109766	0.021504092918388	0.298096439979462	0.0721380400244618	0.942492053507935	0.975196825080766
Sym_173607_c0_g1	39.4278643021777	0.300779398505001	0.246006056437254	1.22265038048654	0.221461775712494	NA
Sym_17477_c0_g1	52.4980323071633	-1.03326485955277	0.253563907561538	-4.07496819831112	4.60206356391129e-05	0.00108634609553826
Sym_175609_c0_g1	56.2779097513296	0.0610126752242149	0.283586552219678	0.215146574288022	0.829653042994144	0.940561412702664
Sym_176037_c0_g1	45.124152196514	0.223262893176679	0.225699807645146	0.989202850928885	0.322563903847312	0.615944780956867
Sym_178992_c0_g1	75.5243552353314	-0.0428930312894693	0.209067547034663	-0.205163507669403	0.837444379617477	0.940690946967576
Sym_18246_c0_g1	47.2202556267188	-0.0370684636124373	0.25298470412221	-0.146524525034251	0.883507330672666	0.947027465557628
Sym_188258_c0_g1	92.9747256525775	-0.0291715670966406	0.23771804223559	-0.122714989667171	0.902332793546459	0.953399933419431
Sym_204881_c0_g1	46.2688317813272	0.899179202277309	0.325589413194671	2.76169668250143	0.00575018709618819	0.0483605478858904
Sym_208475_c0_g1	56.8875066570569	0.224169942535104	0.225079507777162	0.995958915802507	0.319270107463773	0.615944780956867
Sym_209041_c0_g1	78.9443967739396	-0.116791400072355	0.199450811941373	-0.585564926688215	0.558167923590187	0.78238922622898
Sym_210042_c0_g1	89.5695718605939	0.293237638935369	0.197705327008012	1.48320555330047	0.138019806226902	0.389868914760511
Sym_21232_c0_g1	119.367410737989	-0.673048700345058	0.19366417373845	-3.4753392295161	0.000510207713059988	0.00669392519534704
Sym_214581_c0_g1	42.9854131794306	0.0625540238899859	0.254527218165593	0.245765558358827	0.805863719890175	0.940561412702664
Sym_218000_c0_g1	50.8006268564326	-0.209148276116237	0.27190957080611	-0.769183208579936	0.441784557127528	0.693326960468082
Sym_237228_c0_g1	38.3588894502124	-0.136297430506189	0.267282697663568	-0.509937349845772	0.610095354176659	NA
Sym_237405_c0_g1	57.4506050544934	0.382650070837909	0.225785075271673	1.69475360750701	0.0901221715520813	0.328445247434252
Sym_237540_c0_g1	46.0198498911344	0.0563753005702371	0.253297470501218	0.222565588431196	0.823873621124226	0.940561412702664
Sym_242526_c0_g1	51.8990122807941	-1.04550130275428	0.257695107164681	-4.05712515948604	4.96804616862011e-05	0.00108634609553826
Sym_244110_c0_g1	57.2427620884711	0.436249429229143	0.213325411668565	2.04499513591436	0.0408553376488508	0.194210880417725
Sym_244729_c0_g1	42.44937203569	0.239311461019605	0.250897460177523	0.953821775837349	0.340173864782472	0.624395223585981
Sym_245377_c0_g1	63.9599164121282	-0.519122432753131	0.523374351293314	-0.991875951640205	0.321258041529212	0.615944780956867
Sym_248486_c0_g1	51.3427873446028	0.732798714787535	0.252785139503814	2.89889950107798	0.00374474903778619	0.0382811485416062
Sym_26664_c0_g1	37.5201772826742	0.261326034780999	0.273326127943736	0.956096062776671	0.33902370378589	NA
Sym_271368_c0_g1	63.1809754557241	-0.133536561698347	0.208500410179244	-0.640461865679536	0.52187237356408	0.747485321087416
Sym_272568_c0_g1	45.1796283521433	0.513540979303207	0.253110423729114	2.0289207047941	0.0424663675216988	0.196832316559648
Sym_276093_c0_g1	47.9515630714863	-0.342810524679279	0.245709518074617	-1.39518618312203	0.162959702458127	0.424212558779887
Sym_278149_c0_g1	86.6672496444289	0.0409182895313331	0.193753857775221	0.211186966810248	0.832741380389399	0.940561412702664
Sym_281979_c0_g1	81.1927390677805	0.0963354739791059	0.193478766406134	0.497912384746586	0.61854579771767	0.828093965924064
Sym_28806_c0_g1	34.2150960165151	0.43762483639255	0.271969714427746	1.60909400266629	0.107595788445233	NA
Sym_289794_c0_g1	56.966456651131	-0.172552721598413	0.213022962449602	-0.810019350093471	0.417929054600323	0.680707779201572
Sym_294695_c0_g1	42.0334157189325	0.374973423843966	0.270565449435124	1.38588805269417	0.165781089500329	0.428159034300063
Sym_30446_c0_g1	109.682036264642	-0.18260133972522	0.183017534533547	-0.997725929324819	0.318412276246382	0.615944780956867
Sym_30458_c0_g1	47.3010604832529	-0.279201825716663	0.263906479951982	-1.0579574467723	0.290074843020201	0.583008393435893
Sym_310154_c0_g1	75.285364537366	0.364980462303332	0.194069983728607	1.88066415677002	0.0600176183938357	0.25565946536595
Sym_311128_c0_g1	57.3137795364898	0.351273208906062	0.230032467190098	1.52705925905569	0.126746276490882	0.389868914760511
Sym_317193_c0_g1	55.0129001033586	-0.194015762124945	0.249250625860752	-0.778396288695119	0.436335426017137	0.688067402565485
Sym_32537_c0_g1	89.7840802713746	0.324392554293386	0.182160209134999	1.78080907918248	0.0749436457115725	0.289194303451715
Sym_33974_c0_g1	44.5903954939879	0.543446677131078	0.227909465147095	2.38448489526458	0.0171030501036814	0.103885193222361
Sym_37542_c0_g1	37.2895294345866	-0.732879753171676	0.329964172412425	-2.22108887705434	0.0263449422578648	NA
Sym_37619_c0_g1	50.8582249113536	-1.45421558044758	0.282930837897615	-5.13982707312315	2.74991428996431e-07	1.16411819509939e-05
Sym_39803_c0_g1	56.2987389170103	0.51363191694691	0.23571725335888	2.17901706229754	0.0293304007232027	0.150318303706414
Sym_39928_c0_g1	52.7807716117565	0.32746903120618	0.263250829047873	1.24394301963102	0.213520534817374	0.496700251206373
Sym_40740_c0_g1	49.3198031397452	-0.677460491757685	0.241773705718118	-2.80204371168274	0.00507799927579003	0.0456917792091881
Sym_44628_c0_g1	48.4247818779755	-0.474368834316281	0.332635971914062	-1.42609000339517	0.153842363956801	0.406937865950248
Sym_45312_c0_g1	54.174529684073	0.195321387523674	0.226041694403223	0.864094511587102	0.387535973762413	0.652109364099144
Sym_55311_c0_g1	37.8788751000018	0.140461242766771	0.262952423623544	0.534169797072731	0.59322406332179	NA
Sym_57158_c0_g1	50.0413910097621	0.894899847371576	0.247091702881803	3.62173167667898	0.00029263756656002	0.00436296008325848
Sym_62034_c0_g1	49.5580282685171	-0.0125095712098964	0.261015076934862	-0.0479266230778624	0.961774721618182	0.979015176527067
Sym_62856_c0_g1	58.6419599399765	-0.38811035947802	0.27156616348488	-1.42915580681181	0.152959456478094	0.406937865950248
Sym_65138_c0_g1	106.403433115379	-0.309632274255449	0.199746844245421	-1.55012348467952	0.121111880294459	0.389868914760511
Sym_67222_c0_g1	89.9353250701231	-0.508175301183638	0.21091978134335	-2.40932973639108	0.0159818513001009	0.0989065514421337
Sym_67337_c0_g1	40.4753625351048	-0.137761375106326	0.273312747978165	-0.504042991501192	0.614231166401112	0.825687797457232
Sym_72647_c1_g1	43.5854636233112	0.325035619038211	0.254814806832847	1.27557587048475	0.202105488318026	0.487430883590533
Sym_73573_c0_g1	79.2217872384424	0.284739381007132	0.192486867843007	1.47926652970096	0.139069094594451	0.389868914760511
Sym_74166_c0_g2	118.931531522499	-0.391974843741741	0.178437240097378	-2.19670985455631	0.0280411746175524	0.145992147215193
Sym_75131_c0_g1	47.9580245382532	0.353671632044272	0.241223887249376	1.46615509797605	0.142606038142239	0.396396445005547
Sym_75561_c0_g1	57.0888300287527	-0.322935770080364	0.254044833342383	-1.27117629526886	0.203665937658872	0.487577286492561
Sym_76402_c0_g1	53.7118233470725	-0.187615491707139	0.249616593342695	-0.751614663090783	0.452282822774271	0.696473079201694
Sym_76645_c0_g1	326.313496928679	0.709800991322794	0.14173759142507	5.00785278052387	5.50406073002007e-07	2.00592435494065e-05
Sym_79288_c0_g1	138.4240726091	0.395605033439662	0.183721239427233	2.15328959609131	0.0312959259343026	0.155531268279564
Sym_79448_c0_g1	52.6811766111015	-0.313297370476823	0.224512309477626	-1.39545743040003	0.162877943282153	0.424212558779887
Sym_80796_c0_g1	42.754735352839	0.177915082166305	0.270501793235058	0.657722376027658	0.510716541383347	0.741216927317424
Sym_82427_c0_g1	51.6574724148039	0.37978947720007	0.235877450508033	1.61011354151098	0.107373071367627	0.372771726962389
Sym_82979_c0_g1	50.3712365318542	-0.0358459218955503	0.271523646759869	-0.132017679945393	0.894970307572187	0.952689871388221
Sym_83072_c0_g2	54.8755698803758	-0.176099855413481	0.221942930237943	-0.793446564054488	0.427517690596109	0.680707779201572
Sym_84180_c0_g1	38.6820451672875	0.0814771970545945	0.261927644630508	0.311067574289577	0.755749251072596	NA
Sym_84255_c0_g2	122.19779277933	-0.173840999386799	0.165413233601896	-1.05094976744839	0.29328166133208	0.583008393435893
Sym_84416_c0_g1	142.614378366087	-0.0538256244656568	0.165739101511787	-0.324761169661758	0.74536183497995	0.902135357466507
Sym_84654_c0_g1	63.7793061817288	-0.499305690238144	0.235661304373173	-2.11874279303609	0.0341122097300041	0.166997086439423
Sym_85001_c0_g1	62.1121335321352	-0.0756840894350524	0.227331722049224	-0.332923574206087	0.739191973921068	0.89798136091152
Sym_85763_c0_g2	59.105440303514	-0.192695798305612	0.226992077932932	-0.848909794827934	0.395931488171697	0.662579225103656
Sym_86661_c0_g1	40.7276843579002	0.0719619107199111	0.271549161946514	0.265005092278963	0.791005538955061	0.940561412702664
Sym_87251_c0_g1	52.585296055288	-0.235640116151414	0.251112008213677	-0.938386490664763	0.348045825929221	0.628366332396177
Sym_89597_c0_g2	55.7801086574145	0.18834571901844	0.216810050319607	0.868713045086211	0.385004104414876	0.652109364099144
Sym_89625_c0_g1	45.4464302493075	0.160477528128643	0.262158383871945	0.612139599575158	0.540445399586576	0.764077978725849
Sym_89763_c0_g1	68.7269803778427	0.359734171627226	0.229190445928848	1.56958624592451	0.116511400385355	0.382157393263963
Sym_91477_c0_g1	55.5489447089928	-0.355173232522518	0.231470513875424	-1.53442106545661	0.124926098495791	0.389868914760511
Sym_92614_c0_g2	74.397209572714	-0.0655774519780203	0.18635397073461	-0.351897261536812	0.72491531299388	0.895505699865424
Sym_92829_c0_g1	41.102987836279	0.0967429780745823	0.250437662348825	0.386295644062644	0.699277726157213	0.882165746844484
Sym_92876_c0_g1	304.242851612959	-0.300796626063392	0.151044587617995	-1.9914425985533	0.0464322499496736	0.21152469421518
Sym_93418_c0_g1	63.0340908276974	0.405872677919682	0.233654483346843	1.73706351406574	0.0823759605993282	0.310566839960686
Sym_94487_c0_g1	61.0495043854057	0.0741864170312279	0.214759754112878	0.345439103977719	0.729764283615746	0.895505699865424
Sym_94893_c0_g4	51.1328563519377	0.258999581253132	0.242488971243909	1.06808808633452	0.285480779394314	0.583008393435893
Sym_94907_c0_g2	53.5393941995099	-0.0145671444309741	0.218083315134555	-0.0667962352919404	0.946743920519444	0.976515741919427
Sym_94934_c0_g1	117.467492437302	0.0544016019670979	0.157158296724587	0.346158001842146	0.729223975476972	0.895505699865424
Sym_96651_c0_g1	44.5975301869925	0.522640854969576	0.284019772493993	1.84015658621313	0.0657452516402814	0.269555531725154
Sym_96774_c0_g1	87.4890834337637	0.063140786583831	0.184456907193466	0.342306436470856	0.732120292239155	0.895505699865424
Sym_97621_c0_g2	38.6520848804004	0.0717002536148315	0.26415471859597	0.271432795128292	0.786058181591347	NA
Sym_98005_c1_g1	41.6267868958903	0.462394879798565	0.257885788628911	1.79302195075175	0.0729694142485133	0.289194303451715
Sym_98005_c2_g1	60.1743104317818	0.499924120676157	0.222618703280392	2.24565193000201	0.0247263114400892	0.135170502539154
Sym_98024_c0_g2	48.9795935201554	0.160024420015973	0.227635883022202	0.702984160016483	0.482065620928312	0.71570976333277
Sym_98887_c0_g1	146.80089657242	-0.112968406545215	0.152277131469622	-0.741860615937272	0.458171789973233	0.702244612669254
Sym_99526_c0_g1	240.180584061072	-0.0208037648559051	0.13020619154046	-0.159775542236335	0.873057891013895	0.945092370470487
