baseMean	log2FoldChange	lfcSE	stat	pvalue	padj
Sym_100008_c0_g3	35.2252015748793	0.379407174849794	0.316560199736608	1.19853088027325	0.230710408598743	0.725483353387342
Sym_100100_c0_g2	106.340705829466	-0.356810872307242	0.207743207275448	-1.71755734874231	0.0858773855583199	0.564722538130234
Sym_100230_c0_g1	75.8871009983174	-0.197967289827332	0.206842767889654	-0.957090701536845	0.33852147648361	0.775940871721102
Sym_100246_c0_g3	93.4650827941802	-0.302737762425603	0.296807533655419	-1.01998004800332	0.307737923353593	0.756822185346587
Sym_100437_c0_g1	113.544407617753	0.0240195356815564	0.188012685641848	0.127754867175889	0.89834296806916	0.979207893686205
Sym_100629_c0_g1	184.415875250849	-0.334052689157412	0.193575508077074	-1.72569708056458	0.0844019235453148	0.564722538130234
Sym_100793_c2_g1	124.844292673603	-0.440130529611496	0.191309590031569	-2.30061927130191	0.0214131607763149	0.391114307092321
Sym_100802_c0_g1	147.432029328871	0.270258022792252	0.164866657881484	1.63925214634077	0.101160757699796	0.595413351561276
Sym_101037_c0_g1	154.158176816567	0.0299952370699443	0.184042161285927	0.162980247897349	0.870533986615883	0.979207893686205
Sym_101057_c0_g1	206.211583778268	-0.187212691543908	0.19401893012014	-0.964919719060311	0.334585023849243	0.775940871721102
Sym_101136_c0_g1	29.9114219260998	0.917983294712274	0.342311376051873	2.68172009151447	0.00732447162696392	0.235173694019821
Sym_101138_c0_g1	103.802112787497	-0.0818228374298921	0.218492587014984	-0.374487933653698	0.708041332163109	0.933426609322804
Sym_101210_c1_g3	70.3552126618472	-0.517595118027371	0.238735685212938	-2.16806765844707	0.0301535391185636	0.412972383580328
Sym_101245_c3_g1	34.5104068142616	-0.252062415342217	0.397177948758569	-0.634633458705526	0.525667501087076	0.873085456681234
Sym_101261_c1_g1	87.760895319142	-0.415855053728219	0.205214648456517	-2.02643942260455	0.0427197745345827	0.464025137185985
Sym_101299_c0_g1	61.5093716057145	-0.0402517098970305	0.250549070055237	-0.160653998389044	0.872365922659069	0.979207893686205
Sym_101312_c0_g2	35.0916852089459	0.168983817726483	0.309105034128	0.546687368593638	0.584593533659633	0.899649873985576
Sym_101326_c0_g1	193.338538183708	0.169381284300096	0.163721236263028	1.03457125151422	0.300869185605737	0.756822185346587
Sym_101441_c0_g1	133.967373929656	-0.105065127118945	0.199414832961754	-0.526867162078636	0.5982858390859	0.903885080633374
Sym_101501_c0_g1	156.126979325805	-0.174038138422584	0.155548744886589	-1.11886559129407	0.263197484200412	0.742064343714621
Sym_101501_c0_g2	87.1639782575397	-0.562505660701842	0.252426984196171	-2.22838957765584	0.0258545474981013	0.391409863403768
Sym_101543_c0_g2	308.177945557891	-0.139609822598987	0.128156917618876	-1.08936626436483	0.275992402005078	0.755651985121706
Sym_101543_c0_g3	266.483482329964	-0.0571901260463781	0.162805504329964	-0.351278823659848	0.725379180193191	0.938375530845401
Sym_101592_c0_g2	216.906726217139	-0.0184722084202888	0.159843035730202	-0.115564674656629	0.907997560811361	0.979207893686205
Sym_101592_c0_g3	130.553292852716	-0.591077803052698	0.222299834170246	-2.65892147539807	0.00783912313399403	0.235173694019821
Sym_101757_c0_g1	152.655837890226	-0.230635497827203	0.173752270043084	-1.3273812064154	0.184382613308817	0.682791895590184
Sym_101757_c0_g2	34.6035139916701	-0.82543399518002	0.369750570763975	-2.23240762948524	0.0255880340244025	0.391409863403768
Sym_101806_c0_g1	111.217531877909	-0.02116376993271	0.222729948338385	-0.095019866392447	0.924299047215638	0.979207893686205
Sym_101851_c0_g1	351.166020634042	0.448846984222235	0.152327585050155	2.94659029797164	0.00321298594213628	0.168681761962155
Sym_101880_c0_g1	155.135404688041	-0.152587381791588	0.17047689383211	-0.895061954506632	0.370753970247273	0.785481706938909
Sym_101971_c0_g1	46.733151344385	-0.04816382549972	0.300716581062797	-0.160163517852919	0.872752266885067	0.979207893686205
Sym_101976_c0_g1	143.740440083196	-0.175773182734505	0.201883194372266	-0.87066773081857	0.383935602751064	0.793256016755204
Sym_102048_c0_g1	40.3533695912389	-0.500817833894842	0.362292547851802	-1.38235753637335	0.166861947634784	0.640994067133622
Sym_102230_c0_g1	45.4557332562847	-0.749837780883021	0.324578681995532	-2.31018801442217	0.0208777473163305	0.391114307092321
Sym_102324_c0_g5	66.80075731971	-0.277462862268249	0.2406707341261	-1.15287329502586	0.248962394633484	0.726394049469025
Sym_102382_c3_g3	652.757883250741	-0.0599638133451372	0.0997313246196173	-0.601253553723904	0.547671119933239	0.886973793208074
Sym_102395_c0_g1	178.731049468121	0.101954233312756	0.171189983530657	0.595561908530107	0.551467929850411	0.887706451705655
Sym_102471_c7_g1	232.199080318066	0.569708040073869	0.210192491050186	2.71041100101831	0.00671998803064966	0.235173694019821
Sym_102539_c1_g2	66.1626223141336	0.158766975221425	0.224493716933559	0.707222355218132	0.479428308213422	0.850816434294242
Sym_102539_c1_g5	255.625454662439	-0.0481031115539299	0.148751149081159	-0.32337976446612	0.746407652589713	0.948410260041484
Sym_102539_c1_g6	35.8791595825575	-0.319786302489307	0.315743343161389	-1.01280457503059	0.311153515015351	0.756822185346587
Sym_102539_c1_g8	46.8331933454583	-0.0880466774135743	0.281370546467036	-0.312920732177238	0.754340886022665	0.948410260041484
Sym_102539_c1_g9	76.4872255953795	-0.0476568551215033	0.249250212973472	-0.19120086018372	0.848368229719152	0.976756123437015
Sym_102575_c0_g1	37.7042425040144	0.268913067000718	0.299608059295729	0.897549510626771	0.369425766631812	0.785481706938909
Sym_102636_c0_g1	319.183816610628	-0.14816532942367	0.106169300508086	-1.3955571781542	0.162847885161259	0.637055604928388
Sym_102664_c0_g1	133.050490381608	-0.0409486694316564	0.240746216737314	-0.170090604066841	0.864938882715004	0.979207893686205
Sym_102695_c0_g1	93.0161563480633	-0.184117017252549	0.233982321036298	-0.786884310050017	0.431349593059402	0.813623483914441
Sym_102764_c1_g1	34.6113223284104	0.307954650425087	0.348405596455857	0.883896968239731	0.376751833983514	0.788550350198053
Sym_102774_c0_g1	294.628339958715	-0.149431861056486	0.159087398826838	-0.939306709132495	0.347573294963417	0.780547258493054
Sym_102785_c0_g1	37.7256553073213	0.151286675892123	0.306518076727181	0.493565265407747	0.621613236580859	0.915970722615669
Sym_102797_c0_g2	79.2530765976722	-0.146120403431479	0.203410298113448	-0.718353027288633	0.472539641825438	0.849030214082392
Sym_102806_c2_g3	71.3175713132879	-0.688912535399965	0.221325738923973	-3.11266343783273	0.00185407322432685	0.14600826641574
Sym_102806_c2_g4	135.367051571976	-0.146841190111857	0.226617315428179	-0.647969859824745	0.517004444644874	0.863959682032548
Sym_102873_c0_g2	54.7537234034068	0.047551447100126	0.281142817986535	0.169136268323253	0.865689457875769	0.979207893686205
Sym_102902_c2_g1	106.20754862875	-0.0889189774121857	0.248947375098621	-0.357179815119402	0.720957195796181	0.935924767829841
Sym_102979_c12_g1	52.092459592595	0.386717694853655	0.262784972351793	1.47161267020989	0.141125502124148	0.637055604928388
Sym_103005_c0_g1	216.99054033664	-0.0314060803046369	0.170050683556571	-0.184686586656319	0.853474867487758	0.977616666395068
Sym_103012_c3_g1	51.9628495360693	0.533533349760868	0.271477533214229	1.96529467261604	0.0493801418341548	0.478607528546424
Sym_103093_c3_g10	35.2616838574895	-0.107495037682275	0.338120172577375	-0.31791962266811	0.750545907499591	0.948410260041484
Sym_103171_c0_g1	190.827101016968	0.267758762466265	0.17365140136149	1.54193263265911	0.123089965044647	0.619457504073301
Sym_103230_c4_g2	29.237948574263	0.0736991494758211	0.354645386646641	0.20781082244629	0.835376681996916	0.974606128996402
Sym_103259_c1_g1	61.6124934633963	-0.492441789879833	0.255361655280169	-1.9284092959828	0.0538042364701722	0.498480426120713
Sym_103259_c1_g2	52.7290285009	0.121692646477964	0.328404220261075	0.370557498868989	0.710967142726369	0.933426609322804
Sym_103259_c1_g4	208.88169957032	-0.134573902572205	0.164401888136435	-0.818566648459193	0.413033701884144	0.808009047283527
Sym_103259_c2_g1	72.0411469446847	0.178737318119724	0.204003673492533	0.876147547050253	0.380949827392331	0.79207389853851
Sym_103301_c0_g1	280.349477543305	-0.39914855832199	0.176470003049427	-2.26184933090409	0.0237067137997376	0.391409863403768
Sym_103490_c0_g1	99.5422184734046	-0.338604623534822	0.240918154033952	-1.40547575126739	0.159879855033941	0.637055604928388
Sym_103496_c0_g1	123.014687824609	-0.0525598660889732	0.194323857554831	-0.270475621214666	0.786794369666804	0.956141097863301
Sym_103610_c0_g1	44.191708338766	-0.586380681069599	0.300001721394301	-1.95459105482565	0.0506313579762153	0.4832993261366
Sym_103660_c1_g1	125.992304155578	-0.305282446382313	0.192797320416805	-1.58343718534225	0.113321853117326	0.610194593708676
Sym_103688_c0_g1	38.1431554728884	-0.153899698005523	0.277255803568344	-0.555081971323233	0.578838593699077	0.899649873985576
Sym_103755_c0_g1	168.007688117053	-0.192251511550861	0.169598363318079	-1.1335693799727	0.256975223196395	0.73255380368203
Sym_103763_c6_g1	112.273567814616	-0.232433809847498	0.199558942645133	-1.1647376297279	0.244125212128094	0.726394049469025
Sym_103763_c6_g2	80.6994808355708	-0.204644228526736	0.27573189700278	-0.742185546000407	0.457974924722582	0.836302036449932
Sym_103766_c9_g1	38.7233675053801	0.14744670200559	0.294356714664903	0.500911630887863	0.616433316561402	0.915970722615669
Sym_103784_c0_g1	26.135626747234	-0.637039503684879	0.393028731474553	-1.62084716121097	0.105050421226964	0.599281734094415
Sym_103894_c0_g1	76.3348354531942	0.0966179132409834	0.242926703921283	0.397724546875222	0.69083324116158	0.933426609322804
Sym_103894_c0_g2	57.1333324743082	0.144719557255746	0.242078124683547	0.597821705058763	0.549958906382163	0.887706451705655
Sym_103894_c0_g4	45.4367686902865	0.33732420979676	0.29146716534097	1.15733176806432	0.24713683911507	0.726394049469025
Sym_103894_c1_g3	75.5922871698249	-0.270680261057189	0.33682117279591	-0.803631965325416	0.421609556571871	0.808009047283527
Sym_103894_c1_g6	36.129035733514	0.225726877040275	0.355804523668635	0.634412611489158	0.525811581279859	0.873085456681234
Sym_104048_c2_g7	67.2095054711417	0.130430381892027	0.29959957495506	0.435349021812169	0.663309107153453	0.927779653456472
Sym_104103_c2_g4	40.186015745604	0.0280177917213012	0.332913742457577	0.0841593126029379	0.93292976721642	0.979207893686205
Sym_104174_c0_g1	84.2402298317046	-0.0453011674698979	0.225733355444127	-0.200684419813671	0.840945343061675	0.976756123437015
Sym_104246_c3_g1	35.2838214820698	-0.138534493845832	0.307125363239752	-0.451068229547968	0.651940374715459	0.923650677986979
Sym_104246_c3_g2	57.7201109756156	-0.23162677233243	0.27793321587993	-0.833390034361692	0.404624793296097	0.801615156530004
Sym_104246_c5_g1	100.119860263656	0.308053299543829	0.220613598525972	1.39634773922408	0.162609804400504	0.637055604928388
Sym_104246_c5_g4	58.829691905168	0.111404041142123	0.234706975138699	0.47465159940939	0.63503532148746	0.923650677986979
Sym_104264_c2_g1	45.9330013779387	0.466967436955096	0.317250048981491	1.47192234785861	0.141041847996931	0.637055604928388
Sym_104297_c1_g1	28.1999788947301	0.300557131956621	0.350079044874529	0.85854076774102	0.390593929229415	0.793256016755204
Sym_104366_c3_g1	32.2677854735913	0.624660746736627	0.366608530760721	1.70389037440139	0.0884015696196234	0.564722538130234
Sym_104397_c2_g9	156.390020997235	0.0822228552834266	0.206207929077527	0.398737602628819	0.69008655784288	0.933426609322804
Sym_104561_c0_g1	35.4505378217521	-1.22873611559073	0.374768713139854	-3.2786517991223	0.00104304249021728	0.128606210031424
Sym_104594_c0_g1	106.422013307125	-0.090210658474153	0.192686445554506	-0.468173348750858	0.639660629383011	0.923650677986979
Sym_104762_c1_g5	45.4029437054048	0.31684936455612	0.295433353698045	1.07249015925251	0.283499931644837	0.755651985121706
Sym_104781_c1_g2	90.5298922098278	0.0227412600895158	0.314607440302627	0.0722845590289935	0.942375452659029	0.979383784719336
Sym_104866_c10_g1	101.381393100122	-0.017578292026961	0.241312050266905	-0.0728446507645116	0.941929739141993	0.979383784719336
Sym_105077_c3_g2	85.9771375673034	0.0215898977864312	0.264143791182024	0.0817353975644023	0.934857129334562	0.979207893686205
Sym_105147_c1_g1	54.2923933533143	0.134943255900815	0.319985448652481	0.421716851403983	0.673231702928019	0.929202361517522
Sym_105147_c1_g2	37.4263041719961	0.0991987303789903	0.40443001265155	0.245280338441297	0.806239374490637	0.96199016274451
Sym_105388_c1_g2	46.8665160168001	-0.00514036592708803	0.304951935268649	-0.0168563151519586	0.986551243269131	0.994077387552985
Sym_105514_c6_g1	41.1538499976134	-0.365006828366209	0.341729816528329	-1.06811524986129	0.285468527712644	0.755651985121706
Sym_105558_c0_g1	63.4169260902802	-0.342144270168579	0.24350600711831	-1.40507527603762	0.159998895196368	0.637055604928388
Sym_105819_c0_g1	76.0055574640041	-0.189807509240869	0.213582561066461	-0.888684489469183	0.374172669240924	0.785762605405939
Sym_105892_c6_g1	37.1831160661423	-0.327019512217421	0.329125826212239	-0.993600277380056	0.320417509095105	0.764632692158772
Sym_105943_c4_g1	68.8900353573	-0.121065585430525	0.247015064085247	-0.490114179387637	0.624053104935499	0.915970722615669
Sym_105943_c4_g3	35.1387502867321	-0.903048317044756	0.347363425887336	-2.59972193312503	0.00932993272626697	0.247215152306317
Sym_106073_c6_g1	49.1980843065375	-0.19368479432185	0.314166148486317	-0.616504340951572	0.537561707782367	0.881351650892302
Sym_106193_c0_g1	30.7166791242853	0.511122562382032	0.330678937499027	1.54567619651777	0.122182788788515	0.619457504073301
Sym_106346_c4_g1	37.9364837064293	0.0376403246223854	0.266791752811258	0.141085038145891	0.887802763249923	0.979207893686205
Sym_106483_c3_g1	41.9249522785721	0.69847973585603	0.307168552041894	2.27392983823671	0.0229702053371681	0.391114307092321
Sym_106497_c4_g4	96.0053878856147	0.351839611742384	0.258806880485467	1.35946776639943	0.173998409956898	0.656401187262548
Sym_106514_c0_g1	51.7360109328462	0.434507360044631	0.234360895429521	1.85400964289838	0.0637377804353343	0.521490930834553
Sym_106542_c2_g2	30.4437400175532	0.631269162976362	0.362734858917753	1.74030465354171	0.0818055373669289	0.564722538130234
Sym_106555_c2_g4	33.3748477110182	-1.09232836881916	0.458246011263983	-2.3837160432803	0.017138821182466	0.372326115343226
Sym_106636_c7_g3	42.5448779746052	-0.0529300034163533	0.276591597514103	-0.191365189297388	0.848239490956409	0.976756123437015
Sym_106752_c2_g1	160.301117356168	0.128103745358069	0.155243850560013	0.825177582854063	0.409270778414514	0.807408335748256
Sym_106752_c4_g4	83.5588617507251	0.434855953688723	0.208036958306772	2.09028221344922	0.0365924560729155	0.434966930678052
Sym_106900_c1_g4	47.1883580507835	-0.266885242747206	0.270250471936329	-0.987547739824428	0.323374191410238	0.768776379579057
Sym_106992_c0_g1	128.152783627432	0.125852074565841	0.177177799715936	0.710315145394148	0.477508729904069	0.849803671863174
Sym_107127_c2_g8	62.7789853196073	0.178044404571691	0.31459108740236	0.565955018121581	0.571424359198399	0.899649873985576
Sym_107192_c0_g1	31.5167250672607	0.192438626223578	0.35284694520138	0.545388386779848	0.585486425927121	0.899649873985576
Sym_107242_c3_g1	67.4037459964868	0.179289834337968	0.251390411115938	0.713192812494674	0.475726453287435	0.849030214082392
Sym_107300_c1_g1	46.5831636546188	0.352758357029236	0.273370684285101	1.29040302163981	0.196910763547345	0.689948946647852
Sym_107369_c2_g3	154.157443173469	-0.0954823433537203	0.171407295032443	-0.557049472927322	0.57749362800176	0.899649873985576
Sym_107369_c3_g5	35.6537465173073	-0.0744080879275703	0.367657695760738	-0.202384143689986	0.839616423422616	0.976756123437015
Sym_107499_c4_g1	77.5446566552953	-0.28108953185406	0.275372840879393	-1.02075982132592	0.307368244556735	0.756822185346587
Sym_107578_c2_g1	66.2906059459041	0.368330697032243	0.280733236970359	1.31203095510608	0.18950969027414	0.682791895590184
Sym_107578_c2_g2	212.929757662884	-0.184261624716898	0.158291678636284	-1.16406387438904	0.244398127333675	0.726394049469025
Sym_107647_c1_g2	68.43834475375	0.151137171359492	0.221583046792161	0.682079128107914	0.495188917610266	0.862907814374627
Sym_107783_c2_g1	58.8352477269263	0.0358167088424002	0.276670666300572	0.129456112284377	0.89699674998432	0.979207893686205
Sym_107887_c2_g1	67.2932437699187	0.268319950839603	0.289262826169617	0.927599147089389	0.353615540313144	0.785481706938909
Sym_108316_c1_g1	157.324421321655	-0.150779803080092	0.187351662614396	-0.804795649934658	0.420937612345539	0.808009047283527
Sym_108329_c1_g2	54.5092531845667	-0.129728315452363	0.236829667656723	-0.547770542161972	0.583849467951212	0.899649873985576
Sym_108395_c0_g2	187.707528919208	-0.187826203710982	0.162358020973421	-1.15686433343339	0.247327792666639	0.726394049469025
Sym_108429_c4_g2	282.874406862102	-0.0408320621321562	0.179755755512901	-0.227153016690059	0.820304759983398	0.969590992100451
Sym_108429_c4_g6	40.8470928507538	-0.64936779781508	0.319634605285232	-2.03159416120043	0.0421947582850506	0.464025137185985
Sym_108429_c4_g9	29.4364035067345	-0.0427035590001402	0.357354244254322	-0.119499235525377	0.904879845659595	0.979207893686205
Sym_108771_c2_g1	130.996367893363	-0.503142029123602	0.177708513959728	-2.83127700475635	0.00463625496229531	0.194722708416403
Sym_108872_c3_g1	23.3589109736586	0.211881723434916	0.379805543594787	0.557868959545708	0.576933869016155	0.899649873985576
Sym_108903_c2_g1	33.8191781264715	-0.524764525973632	0.308389650300821	-1.70162820140606	0.0888250874386187	0.564722538130234
Sym_109060_c1_g1	30.7569431535313	-0.0048658295195089	0.356808265286911	-0.013637098668654	0.989119506760903	0.994077387552985
Sym_109060_c7_g1	67.3648267315003	0.00652416608386958	0.241558482267264	0.0270086399890985	0.978452842831627	0.994077387552985
Sym_109253_c1_g1	83.977954127546	-0.12858658311813	0.241898056041319	-0.531573445535115	0.59502146043225	0.903285590535706
Sym_109253_c1_g2	155.824958390612	-0.0735756113390874	0.164206424675073	-0.448067799324399	0.654104266460859	0.923650677986979
Sym_109253_c1_g3	45.1631327683261	-0.2514091991994	0.266179839536719	-0.944508793892778	0.344909710190107	0.780547258493054
Sym_109358_c2_g1	55.5285902778939	-0.465689466322654	0.266905019559234	-1.74477597720602	0.0810238719964584	0.564722538130234
Sym_109469_c0_g1	41.4057212625489	0.365931195137001	0.278519595478394	1.31384362564676	0.18889883317231	0.682791895590184
Sym_109489_c3_g1	128.545186867971	-0.408539580533105	0.214063504318467	-1.90849711553498	0.0563269956237755	0.514289960043168
Sym_109725_c2_g2	56.3859916350788	-0.306559740474962	0.301135035644748	-1.01801419359458	0.308671210883176	0.756822185346587
Sym_109973_c6_g1	60.3919697535358	-0.00406040617780847	0.268898041847215	-0.0151001701236469	0.987952265238902	0.994077387552985
Sym_110125_c3_g1	87.0513474395057	-0.0981477190707228	0.190490236541372	-0.515237530556619	0.606387045987761	0.91393262912031
Sym_110246_c0_g1	34.6131491300951	0.399028871275207	0.283925108428103	1.40540184517091	0.159901818377475	0.637055604928388
Sym_110573_c2_g1	122.40813157295	-0.320697001799298	0.201111818023317	-1.59462037065429	0.110797154479575	0.606473350647152
Sym_110573_c2_g2	39.5471758885597	-0.274200850283144	0.359538834143014	-0.762645990485899	0.445674548856839	0.828244736813594
Sym_110573_c3_g1	86.0411106668186	0.0667784176433262	0.2366241956699	0.282212972575656	0.777780211768338	0.956141097863301
Sym_110573_c3_g3	49.4733798022833	-1.13735486412693	0.279350268024333	-4.07142929258927	4.67255461729143e-05	0.014718547044468
Sym_110573_c3_g4	73.3710525403475	-0.554775714593717	0.316011584194565	-1.75555499336425	0.0791644227909355	0.564722538130234
Sym_110707_c7_g1	430.031748249714	-0.315271957962073	0.264984332248281	-1.18977584556461	0.234134505679768	0.725483353387342
Sym_110716_c0_g1	131.21033234908	-0.243440891500828	0.235132678192439	-1.03533414994572	0.300512886697719	0.756822185346587
Sym_110740_c0_g1	111.136284525117	0.0790193563876981	0.198950867036902	0.397180256435079	0.691234540421424	0.933426609322804
Sym_110848_c2_g1	26.9264975283435	0.515310089251649	0.332594076789298	1.54936640551811	0.121293664773431	0.619457504073301
Sym_111108_c5_g1	35.5491937752116	1.1785789462614	0.364542469536662	3.23303605135332	0.00122482104791832	0.128606210031424
Sym_111127_c1_g1	87.9253281805496	-0.111124806524891	0.20606429711687	-0.539272489604865	0.589698848312227	0.900573053112443
Sym_111127_c1_g2	136.853146284668	-0.0299531027247838	0.2136223088915	-0.140215237257814	0.888489933244913	0.979207893686205
Sym_111191_c0_g1	32.6458310821101	-0.136879608000939	0.418979348002379	-0.326697744539337	0.743896506327087	0.948410260041484
Sym_111423_c4_g1	63.3690993477264	0.469924230083084	0.255672078524238	1.83799589222072	0.066063010612306	0.524446044227976
Sym_111553_c2_g1	54.6795385394257	-0.444329101592124	0.307511416130318	-1.4449190445789	0.148480626269459	0.637055604928388
Sym_111600_c1_g1	45.3783415382144	0.431101632868288	0.26747327239719	1.61175592987143	0.107015061609247	0.599281734094415
Sym_111787_c1_g1	1008.38003211686	-0.149050097049992	0.138628872903806	-1.07517354738516	0.282297036233491	0.755651985121706
Sym_111886_c4_g1	32.0968919279571	0.88961690526207	0.587458862105361	1.51434757843949	0.129937707296724	0.634579500751441
Sym_111971_c4_g1	28.2280213181673	-0.034222932279134	0.315277165080433	-0.108548718618436	0.913560436916476	0.979207893686205
Sym_112013_c3_g1	261.977905484641	-0.0159970840466921	0.128142192604535	-0.124838538513707	0.900651376711684	0.979207893686205
Sym_112123_c0_g1	32.1202669207875	0.174389615317741	0.324032424770371	0.538185693735199	0.590448855786673	0.900573053112443
Sym_112123_c0_g2	43.2918401189677	0.320194554480671	0.332627048891844	0.962623321066064	0.335736589746728	0.775940871721102
Sym_112389_c0_g1	49.1088385056362	-0.111963965142907	0.252000640051586	-0.444300320507073	0.656825469550944	0.923660816556015
Sym_112403_c2_g7	36.4376444554037	0.599392366963721	0.342462657206901	1.75024153539051	0.0800766444833922	0.564722538130234
Sym_112513_c2_g1	76.8258798406518	0.290976272996412	0.221525701440311	1.31351022073082	0.189011079166169	0.682791895590184
Sym_112519_c1_g1	36.9297633483506	-0.0865258321408089	0.276647043142262	-0.312766155596733	0.754458330157992	0.948410260041484
Sym_112519_c1_g6	43.4896690679739	0.0755478770629718	0.271246845566275	0.278520758113343	0.780612632526894	0.956141097863301
Sym_112965_c2_g1	32.2654275501838	0.621134780775169	0.3313912768296	1.87432447443255	0.060885716179772	0.515917996435226
Sym_113175_c1_g1	117.714861995539	0.302972324657808	0.179246040935257	1.69025950630196	0.090978318445958	0.564722538130234
Sym_113215_c4_g5	89.2959350643623	0.0158865757093486	0.224672030458762	0.0707100731537853	0.9436285036899	0.979383784719336
Sym_113244_c2_g3	55.8168887728279	0.574329836871726	0.349382147791081	1.64384425621871	0.100208377091381	0.595413351561276
Sym_113270_c1_g1	303.715800648711	-0.205139982667108	0.167239059201603	-1.22662722241111	0.219962732722699	0.714844948936138
Sym_113516_c10_g2	50.6981944599118	0.265355918957671	0.291313685174806	0.910894106462733	0.362351171256416	0.785481706938909
Sym_113535_c0_g1	44.4538429066324	-0.257470078619375	0.283964370284649	-0.906698535317247	0.364566238193608	0.785481706938909
Sym_113535_c0_g2	53.3572532892103	-0.179360061927268	0.285781756127635	-0.627612008399734	0.530258140187476	0.875621508610201
Sym_113560_c0_g1	26.5593987854951	-0.63190973275089	0.334553517738372	-1.88881509010184	0.058916610058511	0.515520338011971
Sym_113653_c1_g2	50.7187843055508	0.277405011512434	0.310441411794911	0.893582495674572	0.371545315345706	0.785481706938909
Sym_113764_c0_g1	328.987890793008	0.796066029715035	0.158251742019841	5.03037767265289	4.89514624573146e-07	0.000308394213481082
Sym_113783_c0_g1	326.637877184714	-0.019985981291558	0.129816099441313	-0.15395610696648	0.877644344442513	0.979207893686205
Sym_114475_c0_g3	240.073799117437	-0.189511906647327	0.161756509228688	-1.17158751478371	0.241362703101136	0.726394049469025
Sym_114698_c0_g1	340.771133930445	-0.0774588307093685	0.139163866741353	-0.556601598698975	0.577799661251589	0.899649873985576
Sym_114890_c0_g1	110.568328642151	-0.491606961779749	0.249789522426682	-1.96808479796844	0.0490582816877936	0.478607528546424
Sym_114907_c1_g1	147.666922008352	-0.0640647817992086	0.216163607670097	-0.296371727367646	0.766946214256115	0.954893507868285
Sym_114907_c2_g1	137.620699139958	-0.0586870726526075	0.169051195113685	-0.347155621190025	0.72847440906125	0.93979519049049
Sym_114907_c3_g1	145.618424728492	-0.159765210368796	0.20187983267252	-0.791387669851892	0.428717802951419	0.812469382327221
Sym_114907_c3_g2	210.198649245688	-0.20196234979759	0.221435916676052	-0.912057776485505	0.361738303890091	0.785481706938909
Sym_114958_c5_g1	33.6098029101654	-0.0550939812717426	0.320118407092898	-0.172105008806177	0.863354975063968	0.979207893686205
Sym_114970_c0_g2	83.30670778123	0.0490138284857865	0.196990150772065	0.248813599531176	0.803504970965729	0.96199016274451
Sym_115069_c1_g1	47.1991997366913	0.0748529325737567	0.279975786913839	0.267355021656899	0.789195826807804	0.956141097863301
Sym_115147_c3_g1	76.5494381053791	0.282363674862418	0.230155084808776	1.22684091510304	0.219882389368785	0.714844948936138
Sym_115171_c4_g3	32.6774407959859	0.357354000890157	0.345488648758146	1.03434368154977	0.300975522813449	0.756822185346587
Sym_115306_c0_g1	60.4171725468316	-0.0241541061130386	0.252587827305788	-0.0956265643149824	0.923817166606153	0.979207893686205
Sym_115621_c9_g1	29.7623186040402	-0.822865324375753	0.353628902999835	-2.32691761729707	0.0199696503625403	0.391114307092321
Sym_115874_c4_g1	46.3892605088773	-0.100585330410327	0.349311738997751	-0.287952906188974	0.773382787879663	0.955011984748081
Sym_116433_c1_g2	85.9736508742391	-0.473897823653282	0.1980574506486	-2.39272908997545	0.0167235841608994	0.372326115343226
Sym_116556_c1_g3	42.7322060983096	0.679639182311864	0.314962595777607	2.15784093547334	0.0309402009823245	0.414102574544057
Sym_116663_c1_g1	34.8639839477264	0.100716152860666	0.351741217229237	0.286335942241957	0.774620832073443	0.955011984748081
Sym_117034_c8_g6	31.2240762322773	-0.482990819467709	0.384155486576694	-1.2572795035983	0.208652443184397	0.706726017237474
Sym_117295_c0_g3	52.191432957375	0.352959257176043	0.258627610072679	1.36473927542715	0.1723350106206	0.654042510186614
Sym_117295_c0_g5	121.800124702959	-0.284668086386587	0.200874736891875	-1.41714229868445	0.156441327830014	0.637055604928388
Sym_117295_c0_g7	86.4599967855684	-0.000393822549340315	0.198838989583384	-0.00198061029260644	0.998419702659765	0.998419702659765
Sym_117309_c3_g2	60.8376587733579	0.256553997746728	0.278651801550626	0.920697430696916	0.357208417983708	0.785481706938909
Sym_117355_c0_g1	30.9790831279857	-0.924695001507353	0.346435077571814	-2.66917255604889	0.00760383743857231	0.235173694019821
Sym_117444_c0_g1	308.824839334835	-0.129956683996048	0.143104452743095	-0.908124670511469	0.363812357497945	0.785481706938909
Sym_117760_c6_g1	48.8998311049276	0.0772246393657857	0.277450183033966	0.278336955922396	0.780753709755631	0.956141097863301
Sym_117960_c0_g2	56.8233031004743	0.226550321114761	0.263633229231267	0.859339021015534	0.390153501792446	0.793256016755204
Sym_117960_c0_g3	103.824140150035	-0.295423266560684	0.200405050219554	-1.47413084768589	0.14044636433112	0.637055604928388
Sym_118341_c1_g2	384.26080412631	-0.17470642746931	0.179598220834826	-0.972762573355253	0.330671317880596	0.775940871721102
Sym_118341_c1_g3	57.3510959891138	-0.301318279872263	0.269672465442609	-1.11734907521135	0.263845099987421	0.742064343714621
Sym_118541_c1_g1	143.162033690169	-0.446253560365116	0.178162546640525	-2.50475517318189	0.0122536180110087	0.30879117387742
Sym_118609_c3_g4	43.3007250124104	0.548475244583111	0.611922757508562	0.896314506778966	0.370084813390179	0.785481706938909
Sym_118811_c2_g1	79.7828303296636	0.13653325357115	0.204755689099411	0.666810549546496	0.50489315330491	0.863959682032548
Sym_118868_c0_g1	61.2893657751845	-0.0901741246835359	0.260736535758929	-0.34584383972528	0.729460076428333	0.93979519049049
Sym_118905_c5_g1	43.5434656290472	-0.131783327437295	0.310269077045514	-0.424738838598355	0.671027067719325	0.929114401457526
Sym_118905_c5_g3	58.0241489871565	-0.104203701443136	0.255674406530367	-0.40756406891575	0.683593748100329	0.932173292864085
Sym_119017_c0_g5	134.601475841395	-0.0148412265780218	0.205272088665757	-0.0723002658300404	0.942362953150109	0.979383784719336
Sym_119054_c0_g1	136.228549801941	-0.138181374946777	0.20433396289467	-0.67625260621998	0.498880277711981	0.863446634501506
Sym_119250_c0_g3	250.293384312492	-0.287125792113959	0.157788124594316	-1.81969202595049	0.068805918342291	0.528630836044431
Sym_119275_c3_g2	225.167490231913	0.121601392837074	0.140158952181898	0.867596332193324	0.385615355053005	0.793256016755204
Sym_119480_c3_g1	55.9679480481569	0.259479226720383	0.276575476570599	0.938185951761879	0.34814885656595	0.780547258493054
Sym_119833_c0_g1	46.1648382382245	0.14100491099565	0.284581049469095	0.495482433769586	0.620259618728412	0.915970722615669
Sym_119843_c0_g1	37.4265937018944	0.350115701699287	0.335924855078002	1.04224411027279	0.297298517049306	0.756822185346587
Sym_119843_c6_g1	44.3447924962504	-0.107118039157393	0.268481825915821	-0.398976872240799	0.689910245676396	0.933426609322804
Sym_119993_c0_g1	36.5888913746453	0.0886509599722521	0.303893467635147	0.291717227955311	0.770502835881338	0.955011984748081
Sym_119993_c5_g1	53.9009664571837	0.602896150867729	0.304272173923699	1.98143702427063	0.0475422851640445	0.478607528546424
Sym_120482_c0_g1	914.556346285588	-0.135386090216906	0.133391312419519	-1.01495433069219	0.310127597786163	0.756822185346587
Sym_120595_c3_g2	130.230539197388	-0.0855068825794489	0.187642174787609	-0.455691172180422	0.648612070934581	0.923650677986979
Sym_120676_c2_g1	70.6092359177431	-0.127064662629096	0.236962804615397	-0.536221973044792	0.591805149188177	0.900573053112443
Sym_120719_c3_g1	30.6296650613192	0.049448338583417	0.344092315070428	0.143706605517464	0.885732154897638	0.979207893686205
Sym_120754_c1_g1	31.7240763145902	0.572427360130365	0.319562075811964	1.79128689997368	0.0732472672331243	0.549354504248432
Sym_120913_c7_g2	96.3310170929852	0.210574227684507	0.34362140431645	0.612808821101795	0.540002757530839	0.881351650892302
Sym_120986_c2_g1	57.9605155372336	0.0344480547611899	0.287021668093023	0.120019004105381	0.90446809367583	0.979207893686205
Sym_121225_c2_g1	85.2041806288985	-0.29249280136027	0.203700266308906	-1.43589798216912	0.151031372765635	0.637055604928388
Sym_121495_c10_g2	68.8257913429242	0.446019794309354	0.277842349958787	1.60529809215735	0.108428218845221	0.599281734094415
Sym_121495_c10_g3	87.904762968141	0.291734261668053	0.238610769913026	1.22263660510542	0.221466980938457	0.715508707647324
Sym_121548_c0_g1	31.0921273256031	-0.195395299782112	0.336557937790486	-0.580569577603455	0.561530580966963	0.897878847739052
Sym_121618_c0_g2	52.2365292865373	0.294664371271973	0.222698248306153	1.32315531672654	0.185783732085171	0.682791895590184
Sym_122045_c4_g1	43.3633808212558	-0.0924076290838115	0.271748740126445	-0.340048049683005	0.733820343241	0.943483298452714
Sym_122621_c3_g1	49.4685423525171	0.242511536817542	0.240629680897081	1.00782054779545	0.313540619643586	0.756822185346587
Sym_122968_c2_g6	59.9638376649267	-0.125855116284878	0.256053321210875	-0.491519171435504	0.623059295968212	0.915970722615669
Sym_123107_c1_g2	48.5073614884794	0.581074581623726	0.272568190217695	2.13185031297905	0.0330191539837185	0.421944610297491
Sym_123211_c0_g1	34.8988480196415	0.132287781374001	0.307639634891049	0.430008901229034	0.667189166207188	0.927779653456472
Sym_123848_c1_g2	92.9204637497249	0.672221372412865	0.316542408248158	2.12363763873897	0.0337004556788002	0.421944610297491
Sym_123931_c0_g2	48.2198865917622	0.654907194707368	0.294365439379921	2.2248100731082	0.0260939908935846	0.391409863403768
Sym_123942_c3_g1	149.931093010853	-0.206160862341126	0.172478475225168	-1.19528458302977	0.231975861161599	0.725483353387342
Sym_123942_c3_g2	37.5966321985396	-0.0665849561436954	0.280627436545607	-0.237271725684862	0.812445995492762	0.964638029465865
Sym_124087_c4_g1	162.427933076521	-0.231374702777179	0.181762460492403	-1.27295098311486	0.203035436116019	0.702814971170834
Sym_124370_c1_g1	40.9262695318429	-0.0473566455715789	0.322529914012943	-0.146828692515257	0.883267236770974	0.979207893686205
Sym_124424_c0_g1	30.4359130001548	0.351258607194391	0.346545929500544	1.01359899884162	0.31077413559879	0.756822185346587
Sym_124628_c1_g1	43.8837817559529	0.413757786327077	0.327816042606311	1.26216454520494	0.206889583617967	0.706726017237474
Sym_125225_c1_g1	44.225788461328	-0.177599841290883	0.269758763856058	-0.658365417872577	0.510303351376494	0.863959682032548
Sym_125225_c1_g2	311.958324761242	0.189442811329086	0.180288844774747	1.05077389322548	0.293362448848291	0.756822185346587
Sym_125225_c1_g3	78.1817464953679	0.00177488519000409	0.22321780627427	0.00795136024150002	0.993655799277091	0.996433200065809
Sym_125444_c1_g1	47.0884044458422	0.115468978141162	0.302616237458143	0.38156901001432	0.702781074460646	0.933426609322804
Sym_125492_c0_g1	40.1047208669551	0.77988392645196	0.267429208161848	2.91622568758449	0.00354294117585408	0.171696380060621
Sym_125580_c6_g3	37.7873241248591	-0.295837538875827	0.363778647636459	-0.813235028493127	0.416083319734724	0.808009047283527
Sym_125797_c5_g1	342.863749352075	-0.115960830226136	0.134291694509786	-0.86349964269522	0.387862815797111	0.793256016755204
Sym_125914_c2_g1	39.624633248462	0.442348357878455	0.303255965770159	1.45866333331663	0.144657792732995	0.637055604928388
Sym_126375_c0_g3	233.413975870821	0.0403176581945927	0.134659222031234	0.299405102646747	0.764630969293967	0.953896060703365
Sym_126392_c0_g1	36.1574469257347	-0.03242800078338	0.323468110906486	-0.100250997517202	0.920145059741077	0.979207893686205
Sym_126811_c0_g5	231.270966143599	-0.176460535809395	0.191109374982425	-0.923348401017075	0.355825672219862	0.785481706938909
Sym_127011_c1_g1	41.8418655087566	-0.476970751390088	0.308817134558218	-1.5445087011523	0.122465144992439	0.619457504073301
Sym_127086_c1_g3	333.726147204075	-0.165974581706201	0.17430662753155	-0.952198915535549	0.340996110903494	0.775940871721102
Sym_127107_c0_g1	70.5302717065131	0.469617389512527	0.27610205143228	1.70088337655003	0.0889648887429233	0.564722538130234
Sym_127689_c0_g1	130.365095939334	-0.0870142601826962	0.175560964531128	-0.495635578302305	0.620151546323736	0.915970722615669
Sym_128149_c1_g1	168.920801759733	-0.0139418372321666	0.185089966463703	-0.0753246515655975	0.939956408082543	0.979383784719336
Sym_128217_c1_g1	38.7849888371776	0.09703628474125	0.291101897535569	0.333341299258942	0.738876667958074	0.94804949249203
Sym_128217_c2_g1	24.3903265517408	-0.0471357488027716	0.397201659714842	-0.118669566578879	0.905537148484748	0.979207893686205
Sym_128463_c0_g2	33.3152293161879	0.37091967962377	0.383013420172902	0.968424760302988	0.332832278566863	0.775940871721102
Sym_128548_c0_g1	29.0919425797379	0.273376998861597	0.378733067132824	0.721819726307981	0.470405319762843	0.849030214082392
Sym_128685_c8_g1	116.326283262878	0.108440023909855	0.173065609883985	0.626583317058473	0.53093240680809	0.875621508610201
Sym_128696_c2_g1	126.084024217121	0.0522248549421481	0.182080755320319	0.286822486265906	0.77424824446375	0.955011984748081
Sym_129530_c0_g2	34.0103404604087	-0.741279969833628	0.437236058510225	-1.69537702896545	0.0900039206980603	0.564722538130234
Sym_129674_c4_g3	69.4623891471853	-0.213301234844521	0.24342108688413	-0.876264409032295	0.380886308728135	0.79207389853851
Sym_130013_c0_g1	40.2513213770487	0.772336655215888	0.390941196381636	1.97558267679197	0.0482020622425059	0.478607528546424
Sym_130165_c13_g1	66.6762570353781	0.103665049089244	0.242160882826759	0.428083379442442	0.668590416935299	0.927779653456472
Sym_130366_c3_g1	36.2870439732969	0.112254298002499	0.357424864903486	0.314064042614413	0.753472398616187	0.948410260041484
Sym_130366_c3_g5	95.1921138635967	0.224027114860491	0.222171536670294	1.00835200682323	0.313285504296808	0.756822185346587
Sym_130444_c3_g1	399.727787208227	-0.204755635685803	0.121643387213421	-1.68324510173795	0.0923276530593874	0.564722538130234
Sym_130850_c4_g1	37.2772068303934	0.443714084629605	0.343876975159647	1.29032798553497	0.1969368041374	0.689948946647852
Sym_130891_c0_g1	318.962257946969	0.0707852208955032	0.140937673774767	0.502244850504807	0.615495297484487	0.915970722615669
Sym_131189_c6_g1	185.147178080943	-0.533896345815681	0.226996678654218	-2.35200069437562	0.0186727400798314	0.391114307092321
Sym_131343_c2_g1	28.1814073788331	-0.444234396921818	0.374002597806196	-1.18778425478214	0.234918419192092	0.725483353387342
Sym_131859_c1_g2	43.0449360112377	-0.0298421187905398	0.362677736553889	-0.0822827424536596	0.9344218774078	0.979207893686205
Sym_132105_c3_g7	43.7446814295399	0.141868794417312	0.317849635245349	0.446339333716094	0.655352147714571	0.923650677986979
Sym_132117_c0_g1	27.1094134963433	0.542586865618053	0.347373071263118	1.56197158186471	0.118294683694132	0.619457504073301
Sym_132395_c3_g1	40.5422017297781	-0.240338327605963	0.29773984827786	-0.807209142464772	0.419545999337141	0.808009047283527
Sym_132541_c0_g1	45.263406406226	-0.377327774360298	0.29566690481837	-1.27619212096833	0.201887613170252	0.702702741973804
Sym_132727_c2_g3	33.741372856201	0.190471602812085	0.344696259794855	0.552578095641198	0.580552344497039	0.899649873985576
Sym_133183_c1_g1	54.6741130032855	-0.102837041357828	0.278754918961484	-0.36891561139424	0.712190626656636	0.933426609322804
Sym_133411_c1_g1	40.4479404099137	0.660356408290644	0.302937181548917	2.17984601597679	0.0292688776599992	0.409764287239988
Sym_133411_c1_g2	82.3969763519672	-0.118792559520858	0.321412868753215	-0.369594907576858	0.711684346014623	0.933426609322804
Sym_133740_c1_g1	40.1249220105027	0.180959471845938	0.269379122895017	0.671765019876697	0.501733301025809	0.863959682032548
Sym_133813_c2_g1	390.874784044876	-0.0368746049531043	0.143152403629018	-0.257589841443847	0.79672347056129	0.961562809298108
Sym_134154_c0_g2	51.5087734633208	0.548363858815188	0.293169280741762	1.87046834316251	0.0614188090994317	0.515917996435226
Sym_134172_c0_g1	107.551884981627	-0.0376847406699297	0.200854886787097	-0.187621726674119	0.851173193280827	0.976756123437015
Sym_134569_c0_g2	43.0982427847142	0.29598139575902	0.265892663526741	1.11316119757946	0.265639204268639	0.743284032175347
Sym_134584_c0_g1	159.833662149212	0.110012037419701	0.188375034749118	0.584005399474603	0.559216679322168	0.896454218760728
Sym_134584_c0_g2	27.7613397201418	0.067631572138163	0.346148457887045	0.1953831386423	0.845093015651655	0.976756123437015
Sym_135077_c3_g1	44.0118600679458	-0.0668792956052705	0.352704974278044	-0.189618237571405	0.84960829497113	0.976756123437015
Sym_135168_c1_g2	39.2506174393109	-0.413943354611949	0.297242053058274	-1.39261369766812	0.163736638628888	0.637055604928388
Sym_135168_c1_g4	60.5343358194181	0.339424885546015	0.240666530631516	1.41035350721746	0.158435326365606	0.637055604928388
Sym_135168_c1_g5	28.1301805131252	-0.968506331123562	0.39328035922131	-2.46263589933958	0.013791989424185	0.334190512970637
Sym_135260_c3_g1	86.0786783602054	0.122486642819482	0.243668294971979	0.502677801531658	0.615190819260958	0.915970722615669
Sym_135943_c0_g1	85.8987246230485	-0.318358200864462	0.198324620979674	-1.60523791394055	0.108441456645656	0.599281734094415
Sym_136070_c2_g1	168.950426124942	0.148743855303113	0.161386806629501	0.921660564513103	0.35670565662153	0.785481706938909
Sym_136210_c0_g1	31.2980522998488	0.00998507618700078	0.294593839101272	0.0338943822364467	0.97296137294183	0.994077387552985
Sym_136210_c0_g3	43.8536684236741	0.188669634431628	0.329675648667287	0.572288657637664	0.567126432608211	0.899649873985576
Sym_136536_c0_g1	58.0310527577424	-0.299176710604691	0.277655566245391	-1.07751022120795	0.281252386932053	0.755651985121706
Sym_136781_c0_g5	267.768982749921	-0.0358820483027238	0.153161415218677	-0.234276029974606	0.814770693470714	0.964860031741635
Sym_136796_c2_g1	32.7841751007978	-0.218949794761813	0.313853470744355	-0.69761788595977	0.485416192997031	0.851844572668884
Sym_136847_c3_g1	36.8156174353944	-0.479360164990061	0.335068648596638	-1.43063269869549	0.152535510924702	0.637055604928388
Sym_136877_c0_g1	32.4262547579671	0.378809181083805	0.300773676528653	1.25944924920222	0.207868110308879	0.706726017237474
Sym_136909_c0_g1	1306.33568674347	-0.113915444390534	0.0760059509434677	-1.4987700696655	0.133933291765077	0.636311647282282
Sym_136948_c0_g1	235.888937264616	-0.0625144946714218	0.124984149320678	-0.500179382835381	0.616948774163788	0.915970722615669
Sym_137236_c0_g1	46.9153428136198	0.00772304362598772	0.292925744240562	0.0263651924688642	0.978966056878976	0.994077387552985
Sym_137506_c2_g3	40.39638779101	0.0320761464557784	0.300475107811825	0.106751426730051	0.914986183038064	0.979207893686205
Sym_137859_c0_g1	49.8732191683157	-0.539758874877715	0.277878811262201	-1.94242544951874	0.0520856168740124	0.489760278069072
Sym_137891_c2_g1	27.1885253315275	-1.07008266018743	0.389595697858415	-2.746649067404	0.00602075185045423	0.235173694019821
Sym_138067_c3_g1	33.1029191079567	0.995506226231777	0.336807369227169	2.95571391004907	0.00311946297154603	0.168681761962155
Sym_138442_c2_g4	31.0672043353567	0.433741330479247	0.349022161436912	1.2427329218682	0.213966267968438	0.709467099053241
Sym_138988_c3_g1	91.0330792797228	-0.230337147127925	0.239593953799765	-0.961364606556072	0.336368873770703	0.775940871721102
Sym_139545_c4_g1	27.8624673960673	0.57019439223737	0.387623668139485	1.47099993912701	0.141291133334738	0.637055604928388
Sym_139720_c2_g1	103.186728724593	-0.162871085722773	0.22808067960215	-0.714094179335468	0.47516894496333	0.849030214082392
Sym_139797_c4_g1	63.9915895895977	0.151128975833161	0.273058474753178	0.553467443080713	0.579943368098488	0.899649873985576
Sym_139907_c0_g1	126.432244413776	-0.111778966136303	0.180360151444927	-0.619754226423092	0.535419608704192	0.880716327633528
Sym_140163_c0_g1	92.4722472262515	0.0754224549840978	0.19621403546384	0.38438868455971	0.700690385966449	0.933426609322804
Sym_140883_c1_g1	150.788923351987	-0.106695481195368	0.235229130242784	-0.453581072570587	0.65013037908061	0.923650677986979
Sym_141083_c0_g1	224.765913149148	0.2181290043691	0.174472135908589	1.25022258272453	0.211218249582461	0.707805836366759
Sym_141362_c0_g3	115.491801473986	-0.0208066900622846	0.169800044888875	-0.12253642262522	0.902474202239509	0.979207893686205
Sym_141552_c4_g1	38.2976747430585	0.232972598225526	0.317379318815181	0.734050974383725	0.462917671425104	0.840632619510031
Sym_141605_c3_g1	37.812110287146	-0.813242305563296	0.370999716131694	-2.19202945501613	0.0283773798538913	0.406312484271626
Sym_141827_c8_g7	31.4026809431887	-0.734930876992511	0.368071185866475	-1.99670853142827	0.0458568548124729	0.478607528546424
Sym_141920_c0_g1	31.4398496110098	-0.29647617618142	0.360921018709368	-0.821443365203837	0.41139377107173	0.807408335748256
Sym_142188_c6_g1	39.7669942995741	0.271435603822201	0.343530049774933	0.79013642038021	0.429448102087245	0.812469382327221
Sym_142188_c6_g3	31.4768185172424	0.503358358012236	0.345781568480271	1.45571194041523	0.145472267671536	0.637055604928388
Sym_142252_c2_g5	46.9730209899513	-0.0298518681468994	0.262065701622248	-0.113909862916472	0.909309246984387	0.979207893686205
Sym_142252_c2_g6	38.1953203262587	-0.117511114304044	0.32535138840047	-0.361182151032966	0.717963284238293	0.934538985682075
Sym_142384_c1_g2	40.9694491746479	0.0204035148062421	0.314154108609965	0.0649474708337299	0.948215824092302	0.980912921474796
Sym_14255_c0_g1	30.5111273455779	-0.00519567681141479	0.314739853124106	-0.016507845320008	0.98682924328129	0.994077387552985
Sym_143145_c5_g3	37.5601878812915	-0.0808002626182584	0.312052598667546	-0.258931548601975	0.795688055796084	0.961562809298108
Sym_143244_c1_g1	72.1893993577279	-0.170369931600099	0.209881793486091	-0.811742308707638	0.416939511856156	0.808009047283527
Sym_143319_c2_g2	53.3755897264063	0.120779208804977	0.278305641018273	0.43398045531189	0.664302633904245	0.927779653456472
Sym_143426_c2_g1	63.364258266146	-0.176385621481219	0.240343043508763	-0.733891103758066	0.46301510947616	0.840632619510031
Sym_144129_c1_g1	33.3173791135295	-0.199272261494841	0.329501357078227	-0.604769167756512	0.545332382633407	0.885462373863522
Sym_144233_c1_g1	43.3354146730763	0.236929885552986	0.295046708594451	0.803025008079829	0.421960280248064	0.808009047283527
Sym_144258_c1_g1	35.8074049364355	-0.511086211605157	0.342238681417349	-1.49336191189302	0.135342477358454	0.636311647282282
Sym_144324_c2_g4	61.2644698759714	-0.420612791936491	0.288475992540146	-1.4580512861151	0.144826407233926	0.637055604928388
Sym_144769_c1_g2	48.6781994429941	0.318306819286453	0.267734494277152	1.18888983709716	0.234483019841173	0.725483353387342
Sym_144984_c0_g1	152.059422321261	0.296730803951315	0.170924104636157	1.73603836967852	0.0825570503730993	0.564722538130234
Sym_145648_c3_g1	39.7026829753064	-0.0612379022664326	0.323804404901742	-0.189120040800603	0.84999873462548	0.976756123437015
Sym_146266_c4_g1	26.1342177771149	0.611984929108641	0.408066521718024	1.49971854229082	0.133687325380741	0.636311647282282
Sym_146541_c1_g1	50.1964544265786	0.0675096049049627	0.26774500591934	0.252141415945963	0.800931758560331	0.96199016274451
Sym_146798_c0_g2	520.707616950363	-0.410050906992727	0.14295289555374	-2.86843372709843	0.00412509609018145	0.185629324058165
Sym_146798_c1_g2	79.7367070549683	-0.375675651462602	0.221367787256425	-1.69706557633624	0.0896842634215439	0.564722538130234
Sym_147119_c0_g1	34.5766680321779	0.594331088454134	0.324983244857246	1.82880532414895	0.0674287771150255	0.524446044227976
Sym_147201_c3_g4	40.4755244485158	0.174233971720208	0.422670653436279	0.412221596895123	0.680177008855843	0.932173292864085
Sym_147389_c1_g1	143.820260535373	-0.0500184747281302	0.210012351615372	-0.238169204541535	0.811749861146473	0.964638029465865
Sym_147654_c1_g3	36.3387433094929	-0.205182986399897	0.336926945011178	-0.608983607390289	0.542535304518728	0.883197007356068
Sym_147711_c0_g1	106.250726628438	0.112894865563802	0.172308717250224	0.655189518936858	0.512345741617029	0.863959682032548
Sym_147909_c3_g4	34.3382010865478	0.115472508255671	0.318646875425556	0.362383933943981	0.717065143659631	0.934538985682075
Sym_148542_c0_g2	235.238588029963	-0.174412093747082	0.17988209805721	-0.969591169053477	0.332250316487747	0.775940871721102
Sym_148791_c2_g2	50.7493327088139	0.370150577645369	0.247289570454338	1.49683052530401	0.134437361356087	0.636311647282282
Sym_148851_c1_g6	75.6574276333418	-0.0757052817535573	0.241664228559902	-0.313266395298516	0.754078278786882	0.948410260041484
Sym_149243_c2_g1	33.7152077741492	-0.00932313168380106	0.404226032556578	-0.0230641545395673	0.981599098608642	0.994077387552985
Sym_149385_c2_g1	157.608189439258	-0.101627903697899	0.200094511856516	-0.507899505863384	0.611523821280024	0.915970722615669
Sym_149661_c2_g2	44.209583762091	-0.365343502391122	0.301296852117256	-1.21256992837397	0.225294291919287	0.723567355131932
Sym_150273_c1_g4	33.6468950147603	0.345031123383768	0.307115687111228	1.12345652750329	0.261243653743004	0.741367125486902
Sym_150432_c3_g6	33.5561204211507	-1.36490953705427	0.430293057914054	-3.17204638083399	0.00151368830058158	0.136231947052342
Sym_150495_c0_g1	36.4844428258136	-0.116788078853446	0.31059671734175	-0.376011954836418	0.706908008443218	0.933426609322804
Sym_151306_c5_g1	36.3879603676846	-0.332281468301056	0.320320829348511	-1.03733956039284	0.299577635034459	0.756822185346587
Sym_151345_c3_g1	147.174168018623	-0.620467326818209	0.208758751043741	-2.97217397458084	0.00295699074454304	0.168681761962155
Sym_152125_c5_g2	914.107819772147	0.272866111107068	0.119851044342104	2.27671033327166	0.0228035290539227	0.391114307092321
Sym_152309_c0_g2	121.880330282965	0.273553660845687	0.190618181467504	1.43508693000684	0.151262327503465	0.637055604928388
Sym_152567_c7_g1	40.7046195135191	0.206501021420212	0.311302394437577	0.66334543231925	0.507109345432341	0.863959682032548
Sym_152725_c5_g1	42.2885064523012	-0.465579789799214	0.338868130550426	-1.37392616131522	0.169464606874334	0.647046680792911
Sym_152950_c3_g7	72.0544147142059	0.387621854740607	0.234690001616815	1.65163344015604	0.0986092987547293	0.591655792528376
Sym_153078_c0_g1	46.3722296094139	0.317405867871133	0.279003825189555	1.13763984295014	0.255270902390342	0.73255380368203
Sym_154847_c0_g1	33.7416439488679	0.15531637507027	0.294417776374821	0.527537355191955	0.597820482751446	0.903885080633374
Sym_154888_c1_g1	75.5835637633458	-0.475611064534329	0.275857342013517	-1.72411965207373	0.0846862450562963	0.564722538130234
Sym_154890_c3_g1	37.8213037777917	0.195613140402713	0.289205178505916	0.676381873289006	0.49879822296182	0.863446634501506
Sym_156041_c0_g1	39.3679732640252	0.042910933201988	0.302655216351942	0.141781574820403	0.887252538195317	0.979207893686205
Sym_156351_c0_g1	31.6351106804337	0.253417505924585	0.299552062318525	0.845988186371145	0.39755933464176	0.798286455685002
Sym_157544_c0_g1	26.2663848695197	0.72872912015505	0.344030887132861	2.11820841502996	0.0341574208336064	0.421944610297491
Sym_157759_c0_g1	36.8842489116457	0.137838425276976	0.332372807125995	0.414710296154658	0.678353994123213	0.932173292864085
Sym_157791_c0_g1	66.1194152143946	0.151875355308326	0.247538783862621	0.613541655729449	0.539518248164542	0.881351650892302
Sym_158035_c0_g1	51.2816823753948	-0.0574159754899031	0.288718083973141	-0.19886518606588	0.842368203051973	0.976756123437015
Sym_158124_c0_g1	54.8202165956138	0.119524170151025	0.257103686995874	0.46488703272833	0.64201235713884	0.923650677986979
Sym_158800_c0_g1	41.8221625565054	-0.451688573344602	0.324984179999608	-1.38987864992427	0.164565729821495	0.637055604928388
Sym_159792_c0_g1	39.0517408111882	0.399177081701898	0.308068386934224	1.295741785369	0.19506446021759	0.689948946647852
Sym_17093_c0_g1	31.0253980437533	0.569092471134865	0.303279042064343	1.87646487954195	0.0605914728950611	0.515917996435226
Sym_17199_c0_g1	48.3029882961128	0.120334244143246	0.268920353444932	0.447471686697329	0.654534526335147	0.923650677986979
Sym_172288_c0_g1	58.4599983304996	0.589244408669984	0.296321871431599	1.98852823729551	0.0467532992405133	0.478607528546424
Sym_172768_c0_g1	31.580642764481	0.767062202943505	0.368617896264332	2.08091416807787	0.0374417630857505	0.436820569333756
Sym_173215_c0_g1	36.5916298070683	-0.0420826504142435	0.302830805212985	-0.138964232468511	0.88947841311195	0.979207893686205
Sym_173607_c0_g1	43.2985625738844	-0.0612722933358336	0.277070198728304	-0.221143571618532	0.824980644748681	0.973291771894511
Sym_173884_c0_g1	37.5835839683084	0.372334808861735	0.328413381084886	1.13373824060322	0.256904363850381	0.73255380368203
Sym_174569_c0_g1	37.3766960052845	-0.348401835669617	0.324344417259915	-1.07417244487493	0.282745399968464	0.755651985121706
Sym_174615_c0_g1	35.0233452624389	0.429339439110354	0.295632902632626	1.45227217703802	0.146425940538109	0.637055604928388
Sym_17477_c0_g1	57.6981769223648	-0.198146174876035	0.244082066778546	-0.811801446502054	0.416905571930271	0.808009047283527
Sym_175026_c0_g1	36.9054516698393	-0.0138208878130261	0.313321823967882	-0.0441108367045725	0.964816054752723	0.991572780577839
Sym_175570_c0_g1	39.1836956757777	0.221279866486861	0.33317192169489	0.664161209507635	0.50658713759704	0.863959682032548
Sym_175609_c0_g1	62.9846448771989	0.0255260230757813	0.29853374435943	0.0855046491663884	0.931860199509309	0.979207893686205
Sym_175830_c0_g1	36.3607187916374	0.0932139144546526	0.29961770834107	0.311109496734227	0.755717381810833	0.948410260041484
Sym_176037_c0_g1	50.0663208686338	-0.394962989247418	0.272220251652053	-1.45089495307738	0.14680911348322	0.637055604928388
Sym_176601_c0_g1	37.0477718748466	0.661485558029708	0.284245594282083	2.32716204344492	0.0199566423608626	0.391114307092321
Sym_176720_c0_g1	34.1806585226143	-0.718001131553291	0.333945094461523	-2.15005742998276	0.0315506723462138	0.414102574544057
Sym_178813_c0_g1	38.4912981135988	0.438155981856229	0.314737789031395	1.39213020211095	0.163882973986705	0.637055604928388
Sym_178992_c0_g1	83.181075324894	-0.0481260931311992	0.22685020658399	-0.21214921447903	0.831990625822702	0.974606128996402
Sym_179741_c0_g1	27.3038964877673	-0.0308761909944806	0.353769963405659	-0.0872775933186722	0.930450863987691	0.979207893686205
Sym_179816_c0_g1	40.3980525162548	0.00567689205790537	0.27466730095975	0.0206682485977363	0.983510297555618	0.994077387552985
Sym_18246_c0_g1	53.0656248810156	-0.0242834856479612	0.274579407639789	-0.0884388449108238	0.929527888460749	0.979207893686205
Sym_18689_c0_g1	31.3641040241749	0.0558222885736905	0.326274021600167	0.171090202952468	0.864152839204171	0.979207893686205
Sym_188258_c0_g1	107.500257617501	-0.227050197152869	0.264388157252773	-0.858775973599277	0.390464125612229	0.793256016755204
Sym_191318_c0_g1	36.0778560651407	-0.133473997474739	0.3274044219075	-0.407673166712602	0.683513640007989	0.932173292864085
Sym_19611_c0_g1	30.5316419357736	-0.0796544224251037	0.315160938204195	-0.252742052612799	0.80046754930926	0.96199016274451
Sym_204881_c0_g1	52.875247466365	0.415362427656661	0.391716645494373	1.06036450693191	0.288978802847898	0.756822185346587
Sym_20490_c0_g1	26.0414551350137	-0.168075078216552	0.43827788887309	-0.383489750415452	0.701356668453028	0.933426609322804
Sym_204970_c0_g1	28.774180310452	0.260083235966861	0.309967942024062	0.839064950615671	0.401432863005771	0.801609773878006
Sym_205051_c0_g1	40.2841801240579	0.0790632138734038	0.286797854118781	0.275675751188357	0.782797121925298	0.956141097863301
Sym_206385_c0_g1	33.4035078764831	0.276269555289005	0.323708359217032	0.853452026871444	0.393408680416601	0.794382912379675
Sym_207498_c0_g1	33.3494014970834	0.416082232625098	0.29955009961783	1.38902384995345	0.164825497783059	0.637055604928388
Sym_208091_c0_g1	28.9808248310944	0.272796769886542	0.318414482068784	0.856734807142385	0.391591462239474	0.793256016755204
Sym_208217_c0_g1	31.5670127310005	-0.100406479415689	0.342121210501875	-0.293482182143568	0.769153616796557	0.955011984748081
Sym_208475_c0_g1	63.8640011376882	0.170071250734477	0.225088954340497	0.755573507517416	0.449904944725822	0.829189225742846
Sym_209041_c0_g1	86.626841466461	0.193404642030976	0.202811154060667	0.953619355536644	0.340276354596756	0.775940871721102
Sym_209170_c0_g1	29.0589588840179	0.0436518138845807	0.407587530581058	0.107098011124998	0.91471122498611	0.979207893686205
Sym_209908_c0_g1	34.2150393297116	-0.541728216679909	0.349254233792402	-1.55109992740107	0.120877738600134	0.619457504073301
Sym_210042_c0_g1	98.6241130822315	-0.28429580256889	0.236304790974309	-1.20308945661537	0.228941704963456	0.725483353387342
Sym_211422_c0_g1	44.3725507864961	-0.296479017814433	0.315733286116636	-0.939017299889341	0.347721862220342	0.780547258493054
Sym_21232_c0_g1	127.937967123369	0.0173220172736566	0.195451821677436	0.0886255094733478	0.929379534225476	0.979207893686205
Sym_214581_c0_g1	47.2386312506368	-0.291723368390739	0.303918520035424	-0.959873614667303	0.3371188271	0.775940871721102
Sym_215526_c0_g1	46.337934525375	-0.509331419405847	0.25565650101548	-1.9922490426911	0.0463437396902137	0.478607528546424
Sym_215998_c0_g1	36.5913365881865	0.542360528331239	0.321402815171382	1.68747908459369	0.09151126832504	0.564722538130234
Sym_218000_c0_g1	58.636792804821	0.152495432546868	0.266670055787832	0.571850604284558	0.567423190766234	0.899649873985576
Sym_219454_c0_g1	32.0405835560501	0.040889722443583	0.324015266582158	0.12619690076614	0.899576064584133	0.979207893686205
Sym_2206_c0_g1	35.2057320084708	1.15748883742283	0.314502145294334	3.68038455298792	0.000232882478837379	0.0366789904168871
Sym_22205_c0_g1	24.5919614748331	0.366475255561993	0.366257568352777	1.00059435552471	0.317022960067251	0.75940861156794
Sym_237228_c0_g1	42.488279572994	-0.164882881306189	0.298717594073662	-0.551969099167055	0.580969524608923	0.899649873985576
Sym_237292_c0_g1	36.7740147475791	0.205821355018475	0.302204600723398	0.681066252882293	0.495829569529548	0.862907814374627
Sym_237405_c0_g1	65.1299355256896	0.0548940741173049	0.256087092420433	0.214357051729816	0.830268630963026	0.974606128996402
Sym_237540_c0_g1	49.6437369321094	-0.0615524611927174	0.287099056911183	-0.214394508484085	0.830239423705968	0.974606128996402
Sym_237620_c0_g1	36.2896196848573	-0.14654357277475	0.323517929855083	-0.452968936962451	0.650571109484678	0.923650677986979
Sym_238053_c0_g1	31.124034775117	0.00629083502932781	0.302981794345273	0.0207630793227097	0.983434649817729	0.994077387552985
Sym_239078_c0_g1	44.5680459734182	-0.493162197072763	0.301647450468408	-1.63489595654452	0.102070860267647	0.595413351561276
Sym_23937_c0_g1	48.3324305645024	0.330375631269304	0.298171986601744	1.1080035889172	0.267860265945685	0.743284032175347
Sym_24015_c0_g1	30.1462267763325	-0.681936224157423	0.365821155893156	-1.86412462256992	0.0623042055037951	0.516469071939354
Sym_240603_c0_g1	35.5655766407878	0.537356372004987	0.342012489515386	1.57116008472788	0.116145468990121	0.614887777006524
Sym_241271_c0_g1	33.8933649295294	0.431846623008261	0.301710212231923	1.43132915460052	0.152335902026279	0.637055604928388
Sym_242526_c0_g1	58.1678426362563	0.0982733443437605	0.218285291972427	0.450205982527554	0.652561922950246	0.923650677986979
Sym_244110_c0_g1	61.6288865261255	0.031602259694101	0.249162441126328	0.126833962419233	0.899071814677823	0.979207893686205
Sym_244452_c0_g1	39.7977766897126	0.0235546174318918	0.291910644238604	0.0806911905981703	0.935687542855707	0.979207893686205
Sym_244501_c0_g1	27.0937346002536	0.760801711608925	0.340494779679371	2.2344005165816	0.0254567317505555	0.391409863403768
Sym_244548_c0_g1	37.4815069322211	0.180208021724306	0.257718916910803	0.699242507629646	0.48440048978609	0.851844572668884
Sym_244729_c0_g1	49.0400385632882	-0.138653629290699	0.283827795182861	-0.488513216971472	0.625186366229743	0.915970722615669
Sym_245148_c0_g1	40.2141703397457	0.0870400106062871	0.324772052238106	0.268003388858331	0.788696710197037	0.956141097863301
Sym_245377_c0_g1	72.4162557339293	-0.0429343499951867	0.460404175432171	-0.0932536069093753	0.925702087733252	0.979207893686205
Sym_24568_c0_g1	40.0986771036904	-0.300503384781827	0.332810765627858	-0.902925673738101	0.366565343673916	0.785481706938909
Sym_24845_c0_g1	40.2900904617896	0.0258317954715336	0.296786041299718	0.0870384447948032	0.930640953519753	0.979207893686205
Sym_248486_c0_g1	58.7553599287265	0.532521675572484	0.281095200934875	1.89445310272607	0.0581648936055315	0.515520338011971
Sym_24952_c0_g1	32.0171721648186	-0.899765554531187	0.33441333073414	-2.69057920793984	0.00713281002742904	0.235173694019821
Sym_250042_c0_g1	30.6193894947597	-0.22756039273425	0.349652661772797	-0.650818419572385	0.515163708459509	0.863959682032548
Sym_251235_c0_g1	34.0538469591758	-0.306483556229717	0.365768366285267	-0.837917065771311	0.402077283405476	0.801609773878006
Sym_253127_c0_g1	34.2998115338845	-0.0999688851766494	0.333798470208098	-0.299488745752268	0.764567157794256	0.953896060703365
Sym_25342_c0_g1	24.9812947655866	-0.562157804321565	0.36535950392612	-1.5386428935902	0.12389150081466	0.619457504073301
Sym_26664_c0_g1	41.2546382974836	-0.0323790847757505	0.316703210479653	-0.102237942983627	0.918567811386292	0.979207893686205
Sym_270793_c0_g1	36.7210296403445	0.38190087339812	0.30331756150673	1.25907933421668	0.208001678024578	0.706726017237474
Sym_271368_c0_g1	71.3300229248751	-0.407406306950953	0.234831096410808	-1.7348907924794	0.0827601503423637	0.564722538130234
Sym_272568_c0_g1	50.2621987287237	0.361205766284458	0.290307306690293	1.24421865368274	0.21341910022594	0.709467099053241
Sym_273322_c0_g1	40.6556655767273	0.229221220441721	0.325577833873098	0.704044307055207	0.481405181523362	0.851844572668884
Sym_273930_c0_g1	40.9266950269096	-0.139523093118931	0.372514473050551	-0.374544086774308	0.707999562939867	0.933426609322804
Sym_275195_c0_g1	32.9894766401333	-0.0516538725944175	0.422816060463101	-0.122166297415104	0.902767317252616	0.979207893686205
Sym_275222_c0_g1	58.8920689835632	-0.0636127124467987	0.268986296996435	-0.236490531886246	0.813052053406943	0.964638029465865
Sym_275443_c0_g1	31.7876724029544	0.0139894519197842	0.343518980325049	0.040723956232482	0.967515963123026	0.992728105484538
Sym_275647_c0_g1	37.501938804382	-0.712309408551758	0.337783607117025	-2.10877435595914	0.0349640631233635	0.423603072456135
Sym_276093_c0_g1	53.3024478413827	-0.296786099172872	0.240849738437304	-1.23224588533289	0.21785724756031	0.714844948936138
Sym_278149_c0_g1	94.901860634807	0.0918640032299382	0.218407000690114	0.420609243017255	0.674040443196044	0.929202361517522
Sym_278829_c0_g1	41.2507445781796	0.265908568990752	0.296578649676797	0.896587024320636	0.369939324512102	0.785481706938909
Sym_281979_c0_g1	90.1098193939427	-0.0973001699656114	0.217674453515177	-0.446998572383356	0.654876090668953	0.923650677986979
Sym_282497_c0_g1	32.7984423533764	-0.0919254966939993	0.34360430598568	-0.267533017173046	0.789058796263219	0.956141097863301
Sym_284899_c0_g1	37.7492015696672	-0.310988181703024	0.306154357000926	-1.01578884830988	0.309729947567845	0.756822185346587
Sym_28806_c0_g1	39.1265369490506	-0.0763426626814307	0.306920712208331	-0.248737408864121	0.803563909964918	0.96199016274451
Sym_289794_c0_g1	64.8192096017213	0.0247808302575801	0.223089884668088	0.111080026306208	0.911552887410111	0.979207893686205
Sym_294695_c0_g1	46.5328880590613	0.730982209821501	0.281525306786357	2.59650621880407	0.0094177200878597	0.247215152306317
Sym_30446_c0_g1	119.655712697193	0.0545403037051094	0.200362868762018	0.272207640278349	0.785462367487674	0.956141097863301
Sym_30458_c0_g1	51.3182464169935	0.318566544817504	0.24680760390916	1.2907485011473	0.196790900588383	0.689948946647852
Sym_306714_c0_g1	44.0936843622554	0.71526331233907	0.29311138772636	2.44024402425066	0.0146773436402998	0.342471351606995
Sym_307967_c0_g1	25.6108744907401	0.293246284990994	0.366588122881693	0.799933949539417	0.423749066698818	0.808975490970472
Sym_30900_c0_g1	26.6583278357089	-0.188872349194274	0.345525927184173	-0.546622798275862	0.584637902950595	0.899649873985576
Sym_30914_c0_g1	30.058559889523	0.873903637475064	0.332384684179191	2.62919345887771	0.00855876558182697	0.245091923479591
Sym_310154_c0_g1	84.5937032683536	-0.0694084136450037	0.231181247308401	-0.300233753615887	0.763998860313529	0.953896060703365
Sym_310175_c0_g1	35.7429461496059	-0.248622100610814	0.378497330301971	-0.656866193514389	0.511266957358852	0.863959682032548
Sym_311128_c0_g1	63.8591482403801	0.529550759460134	0.239600784568083	2.21013783579519	0.0270955976866863	0.396982012618892
Sym_31210_c0_g1	31.3547369439337	-0.167321858953314	0.360602766245492	-0.464006032719684	0.642643423463151	0.923650677986979
Sym_317193_c0_g1	61.5006725502702	-0.412518496444804	0.273175675429546	-1.51008502421071	0.131021730291145	0.634951462180162
Sym_32_c0_g1	25.0882989041005	-0.725617198748718	0.518490264283045	-1.39948085573426	0.161668835279092	0.637055604928388
Sym_32537_c0_g1	100.825072919395	-0.0758854910660739	0.209589498622411	-0.362067238887701	0.717301784677269	0.934538985682075
Sym_33974_c0_g1	50.7837114074882	-0.459980409288973	0.284639444655132	-1.61601077407344	0.106091983786522	0.599281734094415
Sym_36499_c0_g1	36.1529945088578	-0.124985656757377	0.351292199144452	-0.355788306890307	0.721999106611592	0.935924767829841
Sym_37532_c0_g1	30.5850983948336	0.87401936469876	0.383214820521435	2.28075564381747	0.0225629104583518	0.391114307092321
Sym_37542_c0_g1	38.9383246919925	-0.243992471403668	0.347921680603714	-0.701285619741468	0.483124786185914	0.851844572668884
Sym_37619_c0_g1	57.2280738959807	-0.234519001783899	0.256415456614678	-0.914605558027328	0.360398739830707	0.785481706938909
Sym_39656_c0_g1	32.5288868755797	-0.381814752355601	0.356474212720739	-1.07108659962092	0.28413049294609	0.755651985121706
Sym_39803_c0_g1	62.8043452987407	-0.32321105543698	0.280404161909161	-1.15266140572366	0.24904938838938	0.726394049469025
Sym_39928_c0_g1	58.2547374505317	-0.236740178906285	0.304699921393945	-0.776961732786942	0.437181347800126	0.819715027125236
Sym_40740_c0_g1	52.5367665195237	0.0885384855180437	0.231342708919299	0.382715694528023	0.701930576309727	0.933426609322804
Sym_42149_c0_g1	31.186833337523	-0.400504205930929	0.335752451750345	-1.19285564064542	0.232925914610347	0.725483353387342
Sym_42974_c0_g1	35.6392336065555	-1.45410416388267	0.366875605089188	-3.96348011072903	7.38650201344625e-05	0.0155116542282371
Sym_43139_c0_g1	41.4082870137501	-0.216922471186184	0.285967796567882	-0.758555591887044	0.448118446095332	0.829189225742846
Sym_43550_c0_g1	46.6523454187476	-0.293732682448791	0.279461255678089	-1.05106763989904	0.293227525185154	0.756822185346587
Sym_44505_c0_g1	34.3763691252332	0.00675515806633943	0.326912976890021	0.0206634748201261	0.983514105665803	0.994077387552985
Sym_44628_c0_g1	54.5621725016167	0.352406882980966	0.358372416078262	0.983353816226768	0.32543333203535	0.770763154820566
Sym_44879_c0_g1	29.9813505960841	0.562557870851099	0.345180482379718	1.62974994116919	0.103154357601078	0.596213259529167
Sym_45310_c0_g1	30.4348573024241	0.384840806012496	0.325018857307564	1.18405685504064	0.236390557494976	0.726394049469025
Sym_45312_c0_g1	61.1818463048322	-0.201582082852367	0.258911623873206	-0.778574865959227	0.436230189526483	0.819715027125236
Sym_45475_c0_g1	45.6618501660808	-0.398101273623077	0.359425899740767	-1.10760319139551	0.268033224558066	0.743284032175347
Sym_45781_c0_g1	34.2446106666827	0.332247676728573	0.309486407761259	1.07354529438615	0.283026527591225	0.755651985121706
Sym_46497_c0_g1	41.0140130606451	-0.133954172977998	0.310045591285783	-0.432046694882776	0.665707475648286	0.927779653456472
Sym_47830_c0_g1	32.5686125985602	-0.114443509738185	0.310750614763143	-0.368280879590262	0.712663808070268	0.933426609322804
Sym_53466_c0_g1	25.7128328337947	-0.246043339856519	0.438110123868265	-0.561601584743341	0.574387500446882	0.899649873985576
Sym_55311_c0_g1	40.9791796625513	-0.114812949748249	0.297336728004529	-0.386137799116765	0.699394616957073	0.933426609322804
Sym_56652_c0_g1	31.1408925874417	0.608826237586945	0.294497871455505	2.06733663159576	0.0387024448042748	0.443318913212603
Sym_56985_c0_g1	27.3005621792861	-0.0455811399155206	0.380521908734799	-0.119785849038427	0.904652792053725	0.979207893686205
Sym_57115_c0_g1	21.9424955501933	0.390596286248474	0.340023270182627	1.14873398529073	0.250665687594132	0.727739093015222
Sym_57158_c0_g1	54.6949586324088	-0.130121398324089	0.296077182643505	-0.439484722065741	0.660310349842538	0.926493363921602
Sym_57753_c0_g1	30.583408731677	-0.227125089538702	0.341011185634227	-0.666034133502937	0.505389283201076	0.863959682032548
Sym_58911_c0_g1	52.5207799354855	0.25675999008304	0.251146370426887	1.0223519840108	0.306614337592339	0.756822185346587
Sym_59001_c0_g1	32.8728640087267	-1.05014783317347	0.342398813241382	-3.06703117114237	0.00216196310701696	0.151337417491187
Sym_61674_c0_g1	33.5444165115408	0.399253071558682	0.309552137468776	1.28977649717878	0.197128270470815	0.689948946647852
Sym_61886_c0_g1	42.0452247899512	0.25272649114958	0.273261039758379	0.924853727311596	0.355041998934339	0.785481706938909
Sym_62034_c0_g1	55.7781118603763	0.254742214922701	0.278444115198406	0.91487735246688	0.360256020678933	0.785481706938909
Sym_62856_c0_g1	63.8713461490933	0.304991343054157	0.279602731669297	1.09080244400076	0.275359820831299	0.755651985121706
Sym_65138_c0_g1	121.749107203286	0.0799607618370685	0.212447451867899	0.376379011063821	0.706635147536446	0.933426609322804
Sym_66220_c0_g2	41.4430841337902	0.275150396848049	0.309007896730794	0.890431603072457	0.373234179243781	0.785762605405939
Sym_66494_c0_g1	42.1742707436767	0.30012191698836	0.295797789399529	1.01461852570842	0.310287704969385	0.756822185346587
Sym_66977_c0_g1	24.4619349647971	-0.707872266594429	0.408367195407426	-1.73342098619892	0.0830208701750715	0.564722538130234
Sym_66995_c0_g1	36.5897648298841	0.382168508771128	0.333705635354322	1.1452264159859	0.252115378420685	0.728590313784547
Sym_67222_c0_g1	98.3432235710444	-0.235352107125954	0.229619526024083	-1.02496556456296	0.305379436156132	0.756822185346587
Sym_67337_c0_g1	44.7691848413719	0.17274281820704	0.290694698447791	0.594241378083009	0.552350681061296	0.887706451705655
Sym_69259_c0_g1	41.1066346692093	0.0704654030697542	0.28558047493682	0.246744470487149	0.805105987916998	0.96199016274451
Sym_69270_c0_g1	42.8436761147742	0.448375157486093	0.336931508436195	1.33076054408548	0.183267814385271	0.682791895590184
Sym_69276_c0_g1	40.9348516860797	-0.650446020774379	0.353445101364646	-1.84030283136764	0.0657237899325191	0.524446044227976
Sym_72333_c0_g1	31.8291686152808	0.0413293135805727	0.347703288986447	0.118863740694106	0.905383308785776	0.979207893686205
Sym_72647_c1_g1	50.4180457355553	-0.11111124117287	0.299467109794214	-0.371029864512411	0.710615288128474	0.933426609322804
Sym_73028_c0_g1	23.8435663910049	0.26091509353134	0.356927379344469	0.731003303838824	0.464777134927012	0.841406882195452
Sym_73573_c0_g1	86.9325835467176	0.37678355050719	0.207859519108214	1.8126836438558	0.0698806286030741	0.530419229155864
Sym_74166_c0_g2	130.873216275289	-0.118026197542781	0.186405380061588	-0.633169479892615	0.52662297387122	0.873085456681234
Sym_74356_c0_g1	35.2220762439667	-0.220137524701968	0.288542761923878	-0.762928597599145	0.44550598004275	0.828244736813594
Sym_75131_c0_g1	54.2871414896813	-0.392799437022456	0.295549893189607	-1.32904611395159	0.183832756531675	0.682791895590184
Sym_75561_c0_g1	63.8481769529877	0.0161031909640056	0.268464183794666	0.0599826417676709	0.952169459657228	0.983388130465662
Sym_76402_c0_g1	60.2385663669097	0.290375872317222	0.251610534219906	1.15406881996218	0.248471955308032	0.726394049469025
Sym_76645_c0_g1	370.650566764365	-0.0215829349703034	0.163328569470536	-0.132144272372366	0.894870178643349	0.979207893686205
Sym_78376_c0_g2	30.7489005164386	-0.724635360988886	0.396012629371426	-1.82982891767636	0.0672755252160243	0.524446044227976
Sym_78809_c0_g1	32.1921506742849	-0.0139980657440882	0.315917004396172	-0.0443093139948051	0.964657847473505	0.991572780577839
Sym_78927_c0_g1	32.9861861814699	-0.160035504864951	0.356330251573581	-0.449121297330838	0.653344157785506	0.923650677986979
Sym_79288_c0_g1	159.541501029884	-0.168125433684018	0.204547445231678	-0.821938565370949	0.411111862534673	0.807408335748256
Sym_79448_c0_g1	59.4683235058435	-0.157334479856933	0.239215459739657	-0.657710333722423	0.510724280899181	0.863959682032548
Sym_80278_c0_g1	27.7149959164273	0.350825774001687	0.299245562878234	1.17236750522661	0.241049539831817	0.726394049469025
Sym_80461_c0_g1	36.0191740774182	0.327227705131784	0.500542958161739	0.653745497356588	0.513275785715007	0.863959682032548
Sym_80796_c0_g1	48.8890199611882	-0.0122499598061794	0.276135863114772	-0.0443620747700124	0.964615791819303	0.991572780577839
Sym_80819_c0_g1	25.035533906029	-0.485172316720135	0.387059286569043	-1.25348320930569	0.210029905938532	0.707587383643182
Sym_80984_c0_g1	36.1140094303355	0.0520106465363554	0.304635641238042	0.170730668036687	0.864435547256873	0.979207893686205
Sym_82427_c0_g1	56.5030371221437	-0.32613578735436	0.281545227097339	-1.15837796547553	0.246709827133337	0.726394049469025
Sym_82593_c0_g2	31.1675800017324	-0.345970315254345	0.323620367131573	-1.06906224203647	0.285041623983522	0.755651985121706
Sym_82979_c0_g1	57.7800667420589	-0.503002864630081	0.287890683774946	-1.74720090985402	0.0806024939700493	0.564722538130234
Sym_83072_c0_g2	62.541008063807	0.0326117021400231	0.23739359584322	0.137373976008858	0.890735200146814	0.979207893686205
Sym_84180_c0_g1	44.2691454951889	0.274724224432375	0.273469972651447	1.00458643327005	0.315096032626215	0.757673666238608
Sym_84200_c0_g1	31.9929705217965	-0.163857921422412	0.361835335545159	-0.452852182541916	0.6506551851708	0.923650677986979
Sym_84255_c0_g2	134.31426052743	0.180774610585558	0.172148261939944	1.05010999558406	0.29366754363154	0.756822185346587
Sym_84416_c0_g1	166.412086352058	-0.290526036288375	0.189329710239259	-1.53449786576672	0.124907217905985	0.619618482525752
Sym_84581_c0_g1	30.799449351826	0.237423364100002	0.31681975191568	0.749395713696508	0.453618733668425	0.833177265921597
Sym_84654_c0_g1	70.7335766781462	-0.232310165648185	0.24405900502896	-0.951860660173628	0.341167653121818	0.775940871721102
Sym_84905_c0_g1	41.7110748445642	-0.477961366714261	0.300464800978519	-1.59073996407463	0.111668109008047	0.606473350647152
Sym_85001_c0_g1	68.4831018818825	-0.374635319074971	0.265641732510845	-1.41030295027035	0.158450247761627	0.637055604928388
Sym_85763_c0_g2	66.7078845827928	-0.297868914580762	0.253358104803171	-1.17568338621798	0.239721419983118	0.726394049469025
Sym_86661_c0_g1	45.5999298050391	0.441089969889635	0.291243196701707	1.51450737694451	0.12989720425668	0.634579500751441
Sym_87251_c0_g1	57.7234926935608	-0.471372945531439	0.298718692352402	-1.57798275634976	0.114569571309563	0.611684999364618
Sym_87432_c0_g1	29.2839393442197	0.493805064414079	0.376498487816199	1.31157250399143	0.189664415441718	0.682791895590184
Sym_88907_c0_g1	26.9669894354892	0.253377130001814	0.354779371262847	0.714182251070323	0.475114490566107	0.849030214082392
Sym_89236_c0_g1	31.2941596698292	0.232569173352814	0.313072658897249	0.742860057380941	0.457566410336148	0.836302036449932
Sym_89392_c0_g1	32.9752356157597	-0.400341892480993	0.330846439058118	-1.21005350282965	0.226258363430144	0.723567355131932
Sym_89597_c0_g2	63.7734499932124	-0.0897003385651597	0.234257529429985	-0.382913363696039	0.701784002381788	0.933426609322804
Sym_89625_c0_g1	52.5989865590884	0.481326568350122	0.253706743410493	1.89717688178018	0.0578045969410909	0.515520338011971
Sym_89763_c0_g1	75.1601840220597	0.193514193392426	0.25624361500511	0.755196157330854	0.450131293974688	0.829189225742846
Sym_90254_c0_g1	45.4771594895441	0.0689255603258152	0.327756964982082	0.210294723499112	0.833437653253388	0.974606128996402
Sym_90318_c0_g1	35.204164764909	0.16924659999407	0.359630902032181	0.470611949745423	0.637917872566781	0.923650677986979
Sym_90538_c0_g1	44.2767825948166	-0.317828099728259	0.25919953265936	-1.22619086719554	0.220126857291446	0.714844948936138
Sym_90654_c0_g1	26.9333676043642	0.180785138331657	0.369583925726725	0.489158553030068	0.624729450225836	0.915970722615669
Sym_91477_c0_g1	61.4384105859249	-0.076571946502799	0.24430457822165	-0.3134282094105	0.753955355116108	0.948410260041484
Sym_92614_c0_g2	80.894394493181	-0.181458076897571	0.209640370220354	-0.86556838602622	0.38672689862272	0.793256016755204
Sym_92829_c0_g1	45.1307599237536	-0.0334375739529199	0.278342051333553	-0.120131233468743	0.904379190817504	0.979207893686205
Sym_92876_c0_g1	336.878691337808	-0.0535765267121582	0.168041620872351	-0.318828909373924	0.74985625490676	0.948410260041484
Sym_93060_c0_g1	32.8126786946151	0.057913088174508	0.349204087199705	0.165843099486371	0.868280427258103	0.979207893686205
Sym_93418_c0_g1	71.1263582264318	-0.103885699529387	0.253598456510897	-0.409646418825593	0.682065340522574	0.932173292864085
Sym_93732_c0_g1	30.8616046392526	-0.427899674401926	0.387108879543508	-1.10537292481257	0.26899803069203	0.743284032175347
Sym_94454_c0_g1	32.6149745412298	-0.142809114848347	0.440843447774879	-0.323945190904308	0.745979529759874	0.948410260041484
Sym_94487_c0_g1	68.7647104993279	0.175051896626339	0.226503898284633	0.77284275437221	0.43961544711381	0.82183303169644
Sym_94700_c0_g1	32.2214758699951	0.0223763789334431	0.32861601162923	0.0680927834967758	0.94571177496034	0.97993160892272
Sym_94893_c0_g2	43.3558048728024	-0.32588233892894	0.312092880744811	-1.04418382806817	0.296400347602866	0.756822185346587
Sym_94893_c0_g3	41.859913390744	0.052289791124478	0.301723549459754	0.173303645731679	0.862412758174481	0.979207893686205
Sym_94893_c0_g4	59.0184449056356	-0.0553857810321707	0.26407929360315	-0.209731631270579	0.833877136368654	0.974606128996402
Sym_94907_c0_g2	60.4959109912575	-0.20106158638518	0.237824358408313	-0.845420493219556	0.397876106484271	0.798286455685002
Sym_94934_c0_g1	133.055318280467	0.269494222133107	0.161901580354345	1.66455584647957	0.096001400516327	0.581546945435442
Sym_95436_c0_g2	44.2540933202137	0.190287311213138	0.353635736646302	0.538088466447775	0.590515974594184	0.900573053112443
Sym_95857_c0_g2	41.4748245161687	-0.25912572065946	0.310291148599838	-0.835105099931925	0.40365853546868	0.801615156530004
Sym_96651_c0_g1	48.8652339494679	0.344017538653808	0.323287840991196	1.06412148876077	0.287273667382232	0.756822185346587
Sym_96774_c0_g1	100.644748440183	-0.454759777276001	0.223657273849166	-2.03328856446087	0.0420233778289982	0.464025137185985
Sym_97411_c1_g2	35.098852525381	-0.0048524982851173	0.363316832592333	-0.0133561064333128	0.989343685707494	0.994077387552985
Sym_97411_c1_g3	33.8841174955753	0.179150531733437	0.396171401159708	0.452204604393481	0.651121591469029	0.923650677986979
Sym_97621_c0_g2	43.4074701428358	0.00571865476872509	0.278997058752758	0.0204971865807118	0.98364675638944	0.994077387552985
Sym_98005_c1_g1	48.6486625016503	-0.196720318309331	0.302956244065174	-0.649335744560561	0.516121386516316	0.863959682032548
Sym_98005_c2_g1	66.8787264345542	0.36284077733331	0.254712851731707	1.42450910845871	0.154299150282932	0.637055604928388
Sym_98024_c0_g2	52.8512374497786	-0.149113611507353	0.264308472870099	-0.564165082897811	0.572641788562959	0.899649873985576
Sym_98213_c0_g1	25.9983110945382	0.493087153121323	0.341544658627419	1.44369745117056	0.148824098723151	0.637055604928388
Sym_98887_c0_g1	167.754700636049	0.00105558305171901	0.163588890177996	0.00645265733247818	0.994851560065705	0.996433200065809
Sym_99370_c0_g1	32.4201184399461	0.196470871167138	0.282688719599114	0.695007821485615	0.487050399928999	0.852338199875748
Sym_99526_c0_g1	274.110720456986	-0.114575180150327	0.144886679538022	-0.790791676057834	0.429065568124098	0.812469382327221
