baseMean	log2FoldChange	lfcSE	stat	pvalue	padj
ORTHOMCL5602	9.78470607207602	-0.295716421073634	0.380074614334786	-0.778048335564854	0.436540518589431	0.84549225680521
ORTHOMCL1396	7.28023738256898	0.431197573586184	0.458970311863875	0.939489031077183	0.347479721342192	0.838747755543306
ORTHOMCL7155	17.6103550190666	0.400831746032	0.468089333325773	0.856314633756108	0.391823769012931	0.838747755543306
ORTHOMCL7010	21.5697111192524	0.41951729216319	0.533289099335096	0.786660167414342	0.431480827583693	0.84549225680521
ORTHOMCL8860	8.17143768128585	0.446180282801063	0.466614635706058	0.956207218245362	0.338967553851782	0.838747755543306
ORTHOMCL5435	29.1305501100696	1.1933052266291	0.469376428818831	2.54232030703376	0.0110119207428816	0.22998382141011
ORTHOMCL798.1	13.1215965495198	-0.19680198938376	0.553154029986978	-0.355781534102523	0.722004179092249	0.951844630591142
ORTHOMCL3522.1	45.6637642770225	-0.521770721577645	0.533547442530657	-0.977927509319219	0.328110178262345	0.838747755543306
ORTHOMCL3470	20.9509497901857	0.366214697127871	0.435631307277883	0.840652843378558	0.400542445693674	0.844220231692821
ORTHOMCL1829	75.7082254206203	0.03108799774883	0.26973594009487	0.115253450236909	0.908244233738201	0.967421674947022
ORTHOMCL8796	36.40996467752	0.492067830202344	0.474659044773885	1.03667640092427	0.299886693775651	0.838747755543306
ORTHOMCL4705	10.0839686237335	0.548367920921009	0.526850058349342	1.04084247924179	0.297948661322164	0.838747755543306
ORTHOMCL8156	43.8944163800729	-0.258815336069879	0.256869801421684	-1.00757401079234	0.313659010777873	0.838747755543306
ORTHOMCL2376.1	6.16656859574498	-0.276841123402444	0.516173625957234	-0.536333337235214	0.591728194436338	0.900994064476737
ORTHOMCL9014	132.531884007026	-0.102722066886569	0.240253364479847	-0.42755724611376	0.668973498598049	0.941033909703057
ORTHOMCL1830	9.95669588034054	0.571654778726221	0.559230642374583	1.02221647994624	0.306678452554681	0.838747755543306
ORTHOMCL3469.1	9.09234884458919	0.486861118913873	0.385873637548805	1.26171127420514	0.207052698571497	0.838747755543306
ORTHOMCL5488	30.7320015129277	0.0265820817022512	0.328271693648099	0.0809758569398513	0.935461152809872	0.97830670179353
ORTHOMCL1657	37.5301107830573	-0.732823610517089	0.455508112244749	-1.60880474094243	0.107659043909128	0.702347095978599
ORTHOMCL2459.1	40.9449552321284	-0.463393719233717	0.386799397652872	-1.19802078815434	0.230908924161605	0.838747755543306
ORTHOMCL3658	315.025928340128	2.03626024364667	0.355976757499981	5.72020560540888	1.06395225578541e-08	1.45761459042601e-06
ORTHOMCL5426	22.6041054122574	0.556420002703007	0.467301529939961	1.1907087117273	0.233767956733209	0.838747755543306
ORTHOMCL8292	5.57657715953193	-0.370193564941241	0.485081023136057	-0.763158209216129	0.445369048612901	0.847438328610658
ORTHOMCL4694	13.5785092136599	0.56877086675532	0.64035766354171	0.888208104841822	0.374428819904898	0.838747755543306
ORTHOMCL8834	6.07766436860135	-1.42761980910937	0.643487129104493	-2.21856777632229	0.0265161438341774	0.363271170528231
ORTHOMCL1353.1	16.8992414336463	1.69890507285202	0.49186216998219	3.4540267101931	0.00055228267332158	0.0189156815612641
ORTHOMCL2178.1	48.0817070927392	-0.267353600049001	0.481032610937269	-0.555791008697051	0.578353732809481	0.900994064476737
ORTHOMCL5179	18.936953261105	0.157006399926241	0.508080016432203	0.309019041978385	0.757307041857186	0.951844630591142
ORTHOMCL1813.1	62.2044791189103	0.25719135789149	0.381771594492644	0.673678612033158	0.500515662401952	0.900994064476737
ORTHOMCL1113.1	408.097185771704	-0.116769819832954	0.367065483764358	-0.318117134401872	0.750396086867071	0.951844630591142
ORTHOMCL2461.1	22.6212718834905	0.154697407551654	0.287909852039316	0.537311962254522	0.591052143863409	0.900994064476737
ORTHOMCL5380	6.72800275224529	-0.457049859524105	0.556843577682277	-0.820786802330487	0.411767717336793	0.84549225680521
ORTHOMCL3054.1	8.58327266794431	0.309271704417853	0.356807263207962	0.866775249016154	0.386065166037027	0.838747755543306
ORTHOMCL5282	39.2032180225226	-0.308451979730893	0.618881165284068	-0.498402596545838	0.618200307013236	0.900994064476737
ORTHOMCL8692	8.89462765546038	0.22023696137179	0.437615886934374	0.503265461669169	0.614777645931485	0.900994064476737
ORTHOMCL2424	10.4263042886745	0.0619369930371816	0.502610682323465	0.123230554414124	0.901924531033759	0.967421674947022
ORTHOMCL294.2	23.1949241014193	0.195039893117334	0.545572714767408	0.357495688178769	0.720720753560533	0.951844630591142
ORTHOMCL8888	26.5892294597026	-0.252960162921474	0.434247983008226	-0.582524669819094	0.560213329459044	0.900994064476737
ORTHOMCL5138	15.0246953674471	-0.545192000921403	0.607471920992595	-0.897476874372353	0.369464507995225	0.838747755543306
ORTHOMCL2374	28.1303575905165	0.482774456291947	0.509818186802808	0.946954166777652	0.343662134493997	0.838747755543306
ORTHOMCL8696	41.2006064269688	1.05697321163386	0.621980754402645	1.69936642597404	0.0892501638171131	0.702347095978599
ORTHOMCL3377	5.70406895599661	0.0992342112430466	0.568740857382897	0.17448053881636	0.861487823948903	0.967408458040981
ORTHOMCL1650.1	11.9248149492558	-0.897207725995426	0.487791982023769	-1.83932446423793	0.0658674768288133	0.677365294580975
ORTHOMCL8945	14.5417712914777	-0.151518454854289	0.505373466376065	-0.299814819999947	0.764318410336257	0.951923838327884
ORTHOMCL5591	10.9647181591139	0.137648896702568	0.429635430378242	0.320385347598975	0.74867623156412	0.951844630591142
ORTHOMCL5428	10.0014057521195	0.365099159868589	0.381055756291221	0.958125297520928	0.337999580460174	0.838747755543306
ORTHOMCL8958	36.3953027604604	-0.787868679926435	0.476202779408317	-1.65448148140875	0.0980297229262222	0.702347095978599
ORTHOMCL944.1	5.91727732968923	0.211737256387941	0.628362784181745	0.336966576821804	0.736142095955549	0.951844630591142
ORTHOMCL688.1	339.109363360182	0.333776078745659	0.581951275030957	0.573546434326316	0.566274768462162	0.900994064476737
ORTHOMCL5547	36.054786297834	0.232108489276881	0.266605554140305	0.870606353364758	0.383969126254359	0.838747755543306
ORTHOMCL5269	40.8950222259913	-0.196651086055246	0.332558153887209	-0.591328415065543	0.554300394161096	0.900994064476737
ORTHOMCL5079	132.520292022627	-0.647896409795304	0.500445326945037	-1.29463974366667	0.195444535351805	0.838747755543306
ORTHOMCL1761	24.7668931113502	0.182804866713331	0.443228156695094	0.41243965202122	0.680017204821917	0.941033909703057
ORTHOMCL8248	8.00131747328854	-0.358585526019911	0.626055849390498	-0.572769228766117	0.566800956456276	0.900994064476737
ORTHOMCL5221	207.974031193677	0.3204275402791	0.519755502783797	0.616496676923858	0.537566764460971	0.900994064476737
ORTHOMCL2536	5.74458093358352	0.275390078160171	0.533439888768569	0.516253253568835	0.605677540716382	0.900994064476737
ORTHOMCL2454	9.24497077474043	-1.12136843913453	0.447120033179534	-2.50798075666689	0.0121423279575012	0.22998382141011
ORTHOMCL2502.1	7.94125008597163	-0.106362578464772	0.538732203866593	-0.197431261211758	0.843490068124441	0.967408458040981
ORTHOMCL1783	4.9522997749315	0.883710113944079	0.494909400332122	1.78559977513266	0.074164083348282	0.677365294580975
ORTHOMCL5199	13.0824967169687	-0.134030120278631	0.599933969612875	-0.223408120005469	0.82321788517658	0.967408458040981
ORTHOMCL5593	29.2386514560582	-0.397501519356443	0.612151606684167	-0.649351427025708	0.516111252189868	0.900994064476737
ORTHOMCL8391	20.2494503032378	0.349125146870208	0.491527203708612	0.71028651972064	0.477526477481099	0.884069289390683
ORTHOMCL427.2	17.2433922562734	0.785082175380041	0.5123025658241	1.53245801944627	0.125409449488135	0.780958844539749
ORTHOMCL5459	13.8114196363872	-0.594982693172771	0.366413357658102	-1.62380186403561	0.104418102117545	0.702347095978599
ORTHOMCL8819	25.2773981147387	-0.523247865511579	0.537205351186865	-0.974018342065192	0.330047432083431	0.838747755543306
ORTHOMCL4932	9.71244357546274	0.275024024590032	0.543827934160886	0.505718826331323	0.613054050092516	0.900994064476737
ORTHOMCL8993	10.9571908494064	0.0715122634352016	0.636958483119077	0.112271467184201	0.910608164631741	0.967421674947022
ORTHOMCL4572	26.0314205543129	0.0366237234074117	0.327390124758939	0.111865693671665	0.91092989830778	0.967421674947022
ORTHOMCL4809	11.1657929900536	-0.187365738383629	0.366687644342751	-0.510968234884112	0.609373299719995	0.900994064476737
ORTHOMCL3258	22.0355894172145	-0.60452854518263	0.454594522572231	-1.32981924586778	0.183577833227971	0.838747755543306
ORTHOMCL8375	9.87211072264715	0.427980343052736	0.547240968312776	0.782069267168104	0.434173866976321	0.84549225680521
ORTHOMCL8843	10.418784293258	0.0905200766277624	0.488305063419513	0.185376076164082	0.852934071659124	0.967408458040981
ORTHOMCL7759	9.63914303701892	0.555978010520976	0.509404316518033	1.09142775687747	0.275084704316951	0.838747755543306
ORTHOMCL4732	25.2103025714064	-0.0733081648244569	0.40652658468542	-0.180328095593513	0.856895000108667	0.967408458040981
ORTHOMCL1751	40.4046226145702	0.00811579265368572	0.468857840060588	0.0173097087437782	0.98618954030696	0.98618954030696
ORTHOMCL4684	16.5088042117063	-0.769890438573856	0.59242477561113	-1.29955813846519	0.193752455048588	0.838747755543306
ORTHOMCL1092.1	8.15303006323588	-0.60471256253279	0.564044596479646	-1.07210062166531	0.283674839677459	0.838747755543306
ORTHOMCL5264	21.1451842125543	-0.503733038977285	0.484200204510762	-1.04034040936901	0.298181776503065	0.838747755543306
ORTHOMCL789.1	12.5535625827583	-0.634361812433108	0.517845333554421	-1.2250024695191	0.220574290051041	0.838747755543306
ORTHOMCL9023	13.0257470745642	-0.113140743445916	0.365723868926044	-0.309361113832019	0.757046847155306	0.951844630591142
ORTHOMCL7274	9.11045944346177	-2.26809451357573	0.49075083629554	-4.62168242176939	3.80640409965225e-06	0.000260738680826179
ORTHOMCL109.1	64.0392107549427	0.384783226204072	0.344216583376859	1.11785208727959	0.263630171085925	0.838747755543306
ORTHOMCL8994	8.68775761527922	-1.70517033288895	0.725733493583945	-2.34958197184503	0.0187945052803716	0.286094135934546
ORTHOMCL234.1	9.43001877172187	0.0810764187135636	0.41412259892251	0.195778783685105	0.844783316874766	0.967408458040981
ORTHOMCL3578.1	8.81875532560956	0.265872773331831	0.473419089620006	0.561601293993523	0.574387698586857	0.900994064476737
ORTHOMCL3305.1	17.1511017360737	-0.945355307454818	0.565769702032152	-1.67091893408087	0.0947376910932028	0.702347095978599
ORTHOMCL3325	14.6625944042495	-0.0133801620284841	0.396227270234696	-0.0337689074771624	0.973061430036895	0.98618954030696
ORTHOMCL7988	40.0633272708369	-0.0322016567709743	0.456467350480038	-0.0705453670171806	0.943759592810862	0.979508062235516
ORTHOMCL7995	23.3597263688724	-0.899859682767946	0.515021854853454	-1.74722620853438	0.0805981072435725	0.690121293273089
ORTHOMCL8633	12.251542519785	-0.198755240975324	0.571613518732109	-0.347709132940349	0.728058637079636	0.951844630591142
ORTHOMCL8359	13.6417660897718	-0.0794121609530783	0.350484399297628	-0.226578304518605	0.82075166405399	0.967408458040981
ORTHOMCL5364	9.73144123293103	0.520539920004262	0.526289182736489	0.989075848562318	0.322626033044431	0.838747755543306
ORTHOMCL3353	7.64048454963641	-0.713199921970707	0.582540832746996	-1.22429172665474	0.220842196838318	0.838747755543306
ORTHOMCL1402.1	20.2536740376969	-0.450145048750038	0.33308315593136	-1.35144945258896	0.176551501567098	0.838747755543306
ORTHOMCL8604	12.8481728327372	0.54209727358546	0.497974194699065	1.08860515134335	0.276328044160825	0.838747755543306
ORTHOMCL5084	18.1650893117413	-0.0982924798212779	0.46943291317952	-0.209385573660637	0.834147253720914	0.967408458040981
ORTHOMCL8142	9.02646696824662	-0.423373364766362	0.398991171858195	-1.06110960499355	0.2886400933047	0.838747755543306
ORTHOMCL7535	18.8067092587376	0.875366294525837	0.48704973000451	1.79728319430078	0.072290672808894	0.677365294580975
ORTHOMCL3435	9.08449120286162	-0.0649481593337334	0.489989048035824	-0.132550226569523	0.894549098396606	0.967421674947022
ORTHOMCL8541	18.7231554494157	0.0699454189740234	0.32733261726066	0.213683010142325	0.830794261284092	0.967408458040981
ORTHOMCL8454	18.2565218449512	-0.173048269712541	0.308837249974706	-0.560321883861851	0.575259903217505	0.900994064476737
ORTHOMCL4651	6.9105269868558	-2.46345226976611	0.608633496158439	-4.04751346305269	5.17646054844328e-05	0.0023639169837891
ORTHOMCL7810	23.2396128064073	0.508866552523041	0.55159713076385	0.922532993995754	0.356250628493866	0.838747755543306
ORTHOMCL8725	10.912846313682	-0.298543910996963	0.440594349196674	-0.677593599512321	0.498029405423985	0.900994064476737
ORTHOMCL4964	24.0302174517151	-0.326263431526336	0.420833576224848	-0.775278993784507	0.438174819220218	0.84549225680521
ORTHOMCL5521	15.9541020985002	-0.468658422534687	0.333533961100962	-1.40512954359338	0.159982760390318	0.838747755543306
ORTHOMCL1421.1	6.63910979060583	-0.395718874937047	0.452653147502594	-0.874220972769839	0.381997926666094	0.838747755543306
ORTHOMCL3285	23.3444766868211	-0.549668703446683	0.424780827685284	-1.29400544380013	0.195663540445534	0.838747755543306
ORTHOMCL7897	24.4495304343709	0.0625583282618311	0.403426057474215	0.155067644002717	0.876767989941083	0.967421674947022
ORTHOMCL2469.1	4.68771498570018	-0.27419559896503	0.684153816794343	-0.400780631831882	0.688581639807362	0.943356846536086
ORTHOMCL8636	24.6116461880339	-0.479041923597287	0.450803901447292	-1.06263925857637	0.28794557634796	0.838747755543306
ORTHOMCL5548	10.8036725020369	0.444011333824021	0.481537906904275	0.922069327165735	0.356492415013406	0.838747755543306
ORTHOMCL7580	21.1923833038244	0.190195941675697	0.505338842665573	0.376373089930009	0.706639548868059	0.951844630591142
ORTHOMCL8141	19.314844609283	0.270856801486353	0.375094306656499	0.722103206259528	0.470231027097783	0.882488365923236
ORTHOMCL9011	15.8346754347596	-0.0207671528669608	0.554060161516382	-0.0374817651753271	0.970100879211856	0.98618954030696
ORTHOMCL5411	23.3267197319379	0.295360480246827	0.343492942950863	0.859873503395609	0.389858775841151	0.838747755543306
ORTHOMCL4683	33.6096145139486	0.813009260209986	0.261104361512087	3.11373297443884	0.00184736597935306	0.0506178278342739
ORTHOMCL8477	45.5543267598489	-0.0304899424264604	0.326122702722715	-0.0934922413309705	0.92551251321988	0.975347802393258
ORTHOMCL8932	8.00551979896139	0.081324226009677	0.367211411619135	0.221464321196055	0.824730914429768	0.967408458040981
ORTHOMCL9035	65.750685846857	0.225441385507723	0.385098240514347	0.585412660433395	0.558270277933585	0.900994064476737
ORTHOMCL329.1	36.3128049957021	-0.237567512940099	0.410641175757367	-0.578528230886591	0.56290754322593	0.900994064476737
ORTHOMCL5322	8.00834271166244	-0.0701465860113369	0.457083967779004	-0.153465426390217	0.878031253045151	0.967421674947022
ORTHOMCL5050	7.90513137557091	0.0160935965832312	0.49820367739605	0.0323032472729773	0.974230219608399	0.98618954030696
ORTHOMCL8981	23.8901308720651	0.143220950816106	0.50081339963436	0.285976674986473	0.774895986497397	0.956403154505796
ORTHOMCL3668	8.8214969787525	0.58377773980797	0.479058900383699	1.21859282718763	0.222998772830955	0.838747755543306
ORTHOMCL8203	7.13679911111719	0.2085350764169	0.43751898195786	0.47663092349439	0.633624959173744	0.906347958160964
ORTHOMCL8192	16.4047713368764	-0.0912858038909639	0.392428466668855	-0.232617691233888	0.816058288504295	0.967408458040981
ORTHOMCL7545	7.29807289285921	-0.56861603037203	0.548087691176929	-1.03745447950312	0.299524099755794	0.838747755543306
ORTHOMCL5017	29.7408759446726	0.82159887685199	0.426014272428244	1.92857124755222	0.0537841113534628	0.614035271285367
ORTHOMCL5574	33.8975456919332	-0.203579809647006	0.428992176202925	-0.474553665404629	0.635105138565347	0.906347958160964
ORTHOMCL8971	13.6584479665449	0.21857121627514	0.528099100417362	0.413882955116569	0.678959827363124	0.941033909703057
ORTHOMCL8601	8.74769659994377	-1.06016982383055	0.50067939259551	-2.11746247101295	0.0342206171364086	0.426202231607998
ORTHOMCL3392	20.7118233248402	-0.0135233317058112	0.553587231531103	-0.024428547003168	0.980510777900845	0.98618954030696
ORTHOMCL5077	14.8488613603206	-0.42205110268968	0.332020132857522	-1.2711611764543	0.203671315105382	0.838747755543306
ORTHOMCL8906	13.2957719069919	-0.345121780120605	0.424409349085604	-0.813181379873405	0.41611407344348	0.84549225680521
ORTHOMCL251.1	12.6684681499125	-1.47495650107726	0.596625174981448	-2.47216604817778	0.0134297121991305	0.22998382141011
ORTHOMCL5020	6.79906006082437	-1.02653635548714	0.700509675803733	-1.46541352809915	0.142808128768543	0.838747755543306
