baseMean	log2FoldChange	lfcSE	stat	pvalue	padj
ORTHOMCL5602	33.6311727120301	0.573891914731336	0.49483405442702	1.15976640976309	0.246143923565616	0.580926477372017
ORTHOMCL1396	15.9074755084725	-0.00637613093781303	0.35695687736187	-0.0178624683881609	0.985748570121295	0.997345612122722
ORTHOMCL7155	26.5951868841844	-0.287783679122062	0.158888580670455	-1.81122946600514	0.0701053387956224	0.287098054115406
ORTHOMCL7010	29.4862459433977	-0.114765065487818	0.179644664416886	-0.638844832159852	0.522923879845088	0.833021698866972
ORTHOMCL8860	16.7840113535705	0.330806787952214	0.157315545554888	2.1028232574561	0.0354812221964053	0.190711569305679
ORTHOMCL5435	39.9109333272757	-0.507010827693185	0.114701843595337	-4.42025003087043	9.85867663733319e-06	0.000423923095405327
ORTHOMCL8210	6.94117754706093	0.991052409410048	0.337660760478267	2.93505353718421	0.00333490143137077	0.0382402030797181
ORTHOMCL8854	10.2565222608651	0.635340713330748	0.3653561496421	1.73896269148096	0.0820413256244958	0.31907606385151
ORTHOMCL798.1	23.7804212226589	-1.01630830742388	0.226668513937929	-4.48367658025142	7.33678359565672e-06	0.000420642259484318
ORTHOMCL3522.1	55.4286394223785	0.260109245473946	0.224473001144303	1.15875514715792	0.246556004931147	0.580926477372017
ORTHOMCL5408	10.5140542543075	-0.410940577082791	0.56341154929713	-0.72937904378327	0.465769833098381	0.827856452703522
ORTHOMCL3470	29.751392079709	-0.171092168795898	0.138744886763944	-1.23314215598437	0.21752273185696	0.580926477372017
ORTHOMCL1829	118.341108365831	0.490922108630751	0.131005700409507	3.74733394879912	0.000178724074052834	0.00428400762621583
ORTHOMCL8796	44.472763549226	-0.00956006516169115	0.236433765816345	-0.0404344325721951	0.967746779463207	0.997345612122722
ORTHOMCL4705	19.306056325377	0.0882712324757862	0.129681557963302	0.680676835335101	0.496075997013691	0.833021698866972
ORTHOMCL8156	87.7464904895388	0.345392851964474	0.168884843693283	2.0451382398278	0.0408412312176781	0.208090165285365
ORTHOMCL2376.1	20.9606699954379	0.0376766429862913	0.346795124307467	0.108642366473663	0.913486156029478	0.9881737033778
ORTHOMCL9014	253.442933676748	0.0407763876631931	0.207903755710584	0.196131077689412	0.844507572146144	0.954238528264622
ORTHOMCL2215.1	11.9005217828485	0.289325976460826	0.407294882025132	0.710359960877125	0.477480945562489	0.829562854916648
ORTHOMCL1830	20.4167742112393	0.181114986125049	0.254898346934125	0.710538096082104	0.47737051548076	0.829562854916648
ORTHOMCL3469.1	21.8565751099907	0.234202921301467	0.358950719890401	0.652465389602721	0.514100993144259	0.833021698866972
ORTHOMCL3632	18.2057538115897	-0.432137713336467	0.158403582610291	-2.72808042731978	0.00637040737955279	0.06445353348724
ORTHOMCL5488	64.1346321667457	-0.349920664508723	0.145746651016878	-2.40088305334853	0.0163555626057105	0.11495369639411
ORTHOMCL1657	53.1070436775325	0.0871724954729033	0.155970243289423	0.558904657929805	0.576226790335401	0.85169902699185
ORTHOMCL8950	26.0577892482202	-0.508352113253856	0.948533989894257	-0.535934524929916	0.59200380248422	0.855952785576355
ORTHOMCL5387	14.1239612688558	-0.10708195290098	0.296429368951346	-0.361239351147274	0.717920527451394	0.901330881179852
ORTHOMCL2459.1	66.0297694450345	0.600419925582808	0.142942365045266	4.20043368802994	2.66404187618518e-05	0.000916430405407701
ORTHOMCL5426	35.6385433157306	-0.247210307648965	0.188979412511627	-1.30813353879887	0.190828019506861	0.55631219246068
ORTHOMCL8292	15.7324478120693	-1.5952554681109	0.386063941231052	-4.13210170062522	3.59461300714764e-05	0.00103045572871566
ORTHOMCL4694	22.3385867366809	0.290146385133107	0.28659388889247	1.01239557568504	0.311348952928098	0.664202337292549
ORTHOMCL2178.1	73.5439980242321	-0.0489273467964262	0.217751717158562	-0.224693276520976	0.822217895439351	0.943466884778638
ORTHOMCL5179	31.4933221484155	-0.0104865608828949	0.114990397300134	-0.0911951008876349	0.927337567659416	0.991632124099229
ORTHOMCL1813.1	94.9294514837963	-0.157670400824721	0.212191598713266	-0.743056755219514	0.457447319826799	0.827856452703522
ORTHOMCL1140	10.8789217468439	-0.0337464558674027	0.374576066457353	-0.0900923974843569	0.928213790581255	0.991632124099229
ORTHOMCL1113.1	332.384889148452	0.619473833161405	0.329192887348381	1.88179592260092	0.0598637296458059	0.278285445921044
ORTHOMCL2461.1	58.4510188831339	-0.0950929768344222	0.251092507695249	-0.378716902815104	0.704898100120571	0.901330881179852
ORTHOMCL5380	15.5258812505731	-0.144247368739943	0.171301769835056	-0.842065840176881	0.399751100741612	0.779766956103986
ORTHOMCL3054.1	19.1920349863915	0.286096182019902	0.320241645844737	0.893375941986667	0.37165588176923	0.74331176353846
ORTHOMCL5282	45.7971095508459	-0.107756647302842	0.268286377198504	-0.401647852671675	0.687943207374313	0.901330881179852
ORTHOMCL8692	19.5903403213308	0.237058789063804	0.235262029844182	1.00763726820181	0.313628630721538	0.664202337292549
ORTHOMCL2424	21.2335824096637	-0.325904940109388	0.177326153358439	-1.83788422596987	0.0660794669609348	0.28414170793202
ORTHOMCL8891	17.5208737142837	0.290310807331516	0.367330005080222	0.790326962993711	0.429336844129811	0.820510413225862
ORTHOMCL8888	41.7360696797493	-0.0352268456915152	0.157293011870734	-0.223956838721261	0.822790887888347	0.943466884778638
ORTHOMCL2235	12.884418791443	-0.126878517156014	0.439699014743657	-0.288557656263986	0.772919903013793	0.928457308373821
ORTHOMCL7902	11.013550498413	-0.0592954608104995	0.512226858637475	-0.115760155506538	0.907842629453108	0.9881737033778
ORTHOMCL5536	14.0036269958157	-0.406283667625677	0.55110566550004	-0.737215552405979	0.460991277105936	0.827856452703522
ORTHOMCL2374	30.3520942690626	-0.446835578297528	0.175247308303771	-2.54974288976234	0.01078023888353	0.0882952899031983
ORTHOMCL8696	57.2221310785373	0.0899124994560623	0.270965213090199	0.331823035254833	0.74002288924253	0.909170978212251
ORTHOMCL3377	12.2271720417794	-0.382151037850228	0.219764896018258	-1.73890846433672	0.0820508651311896	0.31907606385151
ORTHOMCL1650.1	26.5804179237529	0.282149299563405	0.601699631787372	0.468920512258366	0.639126453815577	0.897396254215411
ORTHOMCL8945	27.3169835217064	-0.0682918326533029	0.127493189395385	-0.535650829484818	0.592199892346431	0.855952785576355
ORTHOMCL5591	22.5927430847422	0.214673757460657	0.128107498835958	1.67573139286365	0.0937908178371189	0.350696101477923
ORTHOMCL5428	24.8037517287945	-0.239018138425257	0.232527190120951	-1.02791479267835	0.303989910510253	0.664202337292549
ORTHOMCL8561	8.06486248033223	0.251371729053091	0.361952485320028	0.694488197341249	0.487376100020812	0.829987021817621
ORTHOMCL902.1	10.9583556277242	0.385241870879641	0.572586018861076	0.67281047421647	0.50106787328057	0.833021698866972
ORTHOMCL2547.1	11.2694424664019	-0.401443420801835	0.411459557723626	-0.975657056121859	0.329234439917531	0.6822689598291
ORTHOMCL8958	44.3426473069479	-0.00168457946350238	0.189422727207613	-0.00889322779972455	0.992904324375261	0.998710782412543
ORTHOMCL2519.1	12.6712818164396	0.441533900759275	0.528520411459931	0.835415040148832	0.403484064495667	0.779766956103986
ORTHOMCL3357.1	12.5515481628436	-0.058245429448041	0.482651196791805	-0.12067810011702	0.903946005778532	0.9881737033778
ORTHOMCL944.1	12.715825098703	0.320890689977314	0.316491806747882	1.01389888501264	0.310631003472814	0.664202337292549
ORTHOMCL688.1	248.123973481073	-0.120069863500563	0.435370567147948	-0.27578773706988	0.782711102989559	0.928457308373821
ORTHOMCL1150.1	11.3834492268833	-0.112009429941251	0.244567759308666	-0.457989353371328	0.64696009024832	0.897396254215411
ORTHOMCL5547	70.9770594109289	0.233787951805585	0.164128813787507	1.42441748289404	0.154325656283142	0.491555794087045
ORTHOMCL5269	75.2985307573353	-0.347770603669166	0.170294161058644	-2.04217573583985	0.0411341024401303	0.208090165285365
ORTHOMCL1761	39.838352260271	-0.17668861159749	0.192398334411556	-0.918347927168325	0.358436743256404	0.73394190285835
ORTHOMCL2364.1	12.3095168196476	-0.112357143804166	0.186088712913811	-0.603782690765373	0.545988128898911	0.85169902699185
ORTHOMCL8248	18.6438611887224	-0.334761147533303	0.184206215493794	-1.81731732903758	0.0691685380511395	0.287098054115406
ORTHOMCL8896	8.37289954169694	-0.130681143559081	0.384495875275581	-0.339876581160766	0.733949473436686	0.908196470727411
ORTHOMCL5221	159.427758961982	-1.93125320587564	0.282663391688849	-6.83234285960006	8.35388941509413e-12	1.43686897939619e-09
ORTHOMCL2536	12.4497614738924	0.140927416877378	0.35554698074144	0.396367919039827	0.691833629051814	0.901330881179852
ORTHOMCL2454	18.9295943750729	0.629261191898063	0.174818112621893	3.59951942313361	0.000318805821166732	0.00548346012406779
ORTHOMCL2502.1	17.1538274743157	0.219787903502287	0.212172669353301	1.03589168280815	0.300252678247952	0.664202337292549
ORTHOMCL1783	13.124259761012	-0.0722888604767139	0.256134182680056	-0.282230429848608	0.777766826691027	0.928457308373821
ORTHOMCL5199	30.884312036103	0.473581454647105	0.389415277355986	1.21613475943364	0.223933591263363	0.580926477372017
ORTHOMCL5593	37.0691556964353	0.551648500388468	0.230519870349992	2.39306268718144	0.0167083861037951	0.11495369639411
ORTHOMCL8391	27.8823052720694	-0.642813065661117	0.174583955776233	-3.68197101963379	0.000231437724059243	0.00442303205979887
ORTHOMCL2344.1	14.849760846064	0.232256087681881	0.376863034265068	0.616287793083264	0.537704593940204	0.848487983098303
ORTHOMCL427.2	27.2588849902371	-0.0388792876128783	0.168703889447233	-0.230458750774912	0.817735312954998	0.943466884778638
ORTHOMCL5459	42.0559003003634	1.06992776971133	0.405339496177966	2.63958429859391	0.00830077762939827	0.0719326704876718
ORTHOMCL2229.1	15.9480179473551	-0.23555992807345	0.751548277933655	-0.313432862518308	0.753951820429508	0.919714277403372
ORTHOMCL8819	34.0587314746639	-0.0845997894427411	0.204314704076649	-0.414066084108187	0.678825710441154	0.901330881179852
ORTHOMCL1768.1	12.5533433240373	-0.420906507938937	0.654077312944518	-0.643511859544715	0.519892021908392	0.833021698866972
ORTHOMCL4932	20.0400200485164	0.0764188340313793	0.207217408931838	0.368785781201021	0.71228740377824	0.901330881179852
ORTHOMCL8993	20.3369325897432	0.583440964953952	0.254781624777928	2.28996484916245	0.0220233544010294	0.130621274378519
ORTHOMCL8412	8.5459083669908	0.669560194020702	0.414745879994519	1.61438660711844	0.106443594887963	0.373638741239381
ORTHOMCL4572	46.6942726598797	0.313792979595929	0.113446747562113	2.76599361673302	0.00567496456317557	0.0610058690541374
ORTHOMCL4809	27.7544700529583	-0.102229793258904	0.276507620741859	-0.369717814592689	0.711592756771211	0.901330881179852
ORTHOMCL3258	42.4944358719431	0.433625725702532	0.293619159104564	1.47683048689649	0.139721082129762	0.453434455213568
ORTHOMCL1742.1	12.1008393728936	0.391854218652157	0.245854009249507	1.59384921095381	0.110969812329102	0.381736154412109
ORTHOMCL8375	16.8414052418804	0.509266931484197	0.159109270243189	3.20073701994744	0.00137076577587673	0.0181362856500613
ORTHOMCL8843	20.644344398317	0.00304524512437644	0.168309967120344	0.0180930765805393	0.985564601137227	0.997345612122722
ORTHOMCL7759	15.7605573381784	0.352494785347211	0.151586129451436	2.32537625060306	0.0200518502612918	0.123175651605078
ORTHOMCL4732	38.7303531320559	-0.186849525176049	0.133504550747146	-1.3995742027546	0.161640863560612	0.505495064225913
ORTHOMCL1751	47.6247386486675	0.439157197698441	0.269178987677916	1.63146908860476	0.102791377169055	0.368335768189113
ORTHOMCL4684	29.3939456099479	0.319016802726401	0.146794257919665	2.17322398878155	0.029763463137476	0.165139214827286
ORTHOMCL5264	40.6736055683371	0.357978470234089	0.181585162685324	1.97140815328862	0.0486772092152395	0.232568888472811
ORTHOMCL789.1	20.6119951071978	0.0948474482906746	0.220192922313787	0.430747034436973	0.666652315341647	0.901330881179852
ORTHOMCL9023	23.114488599283	-0.535984392901914	0.421769878519488	-1.27079817739319	0.203800457319085	0.565381913852946
ORTHOMCL7274	19.8399267940759	0.0338136450151981	0.419417177996498	0.0806205534468605	0.935743720123697	0.992743893203455
ORTHOMCL109.1	107.93691480805	0.379912301820789	0.167680776647795	2.26568787082121	0.0234705006949796	0.13456420398455
ORTHOMCL298.1	12.215724456035	0.413673635233035	0.479077540192204	0.863479500765306	0.387873885426139	0.766831129808
ORTHOMCL234.1	25.5513180438604	0.64503214022784	0.26835795142216	2.40362596602597	0.0162333731893279	0.11495369639411
ORTHOMCL3578.1	22.0205088669996	-0.326735957016131	0.188772382344033	-1.73084618077586	0.0834792027518485	0.31907606385151
ORTHOMCL3305.1	32.2066095785374	-0.0714896693938005	0.291344684344762	-0.24537832071514	0.806163513545878	0.943466884778638
ORTHOMCL3419.1	15.0408009279896	0.268613215158704	0.471538609828917	0.569652642561257	0.568913316118288	0.85169902699185
ORTHOMCL808.1	18.0196574541255	-0.311490836863257	0.603108745199602	-0.516475410682641	0.605522408550685	0.867915452255982
ORTHOMCL3325	16.6646040522655	-0.63537733392917	0.257023895429184	-2.47205549845163	0.0134338659354301	0.105028406404272
ORTHOMCL7988	57.2355079014779	0.388641612723786	0.193600807543306	2.00743797329901	0.0447030489051266	0.21968355461948
ORTHOMCL297.1	12.0884594488398	0.616575509327838	0.53119249708604	1.16073836266548	0.245748315807691	0.580926477372017
ORTHOMCL7995	37.4258139583171	0.231935585100443	0.17935377243673	1.2931737200134	0.19595098272188	0.561726150469388
ORTHOMCL8633	21.7196349071602	-0.261264660736437	0.222700276335108	-1.17316720498047	0.240728760523931	0.580926477372017
ORTHOMCL8359	33.6828499496416	0.785051469663863	0.334644591542297	2.34592606456225	0.0189798720251719	0.120908814382576
ORTHOMCL5364	14.8688866744855	0.00817512512471238	0.170143149231146	0.0480485118657711	0.96167758034943	0.997345612122722
ORTHOMCL3353	18.8153628967851	-0.177751776690449	0.398735218242516	-0.445789006233048	0.655749663855798	0.901330881179852
ORTHOMCL1402.1	37.0245159749143	-0.0185745262395023	0.344538120349176	-0.0539113820574565	0.9570057682847	0.997345612122722
ORTHOMCL5474	25.7334636925674	-0.617938638059205	0.566898343015063	-1.09003429922318	0.275698035486098	0.632267494714786
ORTHOMCL8604	26.4703765934162	0.582389517111837	0.219235044285935	2.65646178515266	0.00789654002219141	0.0719326704876718
ORTHOMCL5084	31.8032602474863	-0.250528321678725	0.161650818820822	-1.54981164652446	0.121186730828471	0.400848417355713
ORTHOMCL8142	23.8638961677775	0.400741895336733	0.336566863025088	1.19067543291349	0.233781025900501	0.580926477372017
ORTHOMCL7535	27.8643603790022	-0.576785972778593	0.164170749617584	-3.51332971386283	0.000442527967615403	0.00672962805846412
ORTHOMCL3435	17.0398666674361	-0.0671337218290004	0.27850247040995	-0.241052518242229	0.80951441268544	0.943466884778638
ORTHOMCL8541	43.6283031667131	-0.25532842000265	0.19932938010346	-1.28093720990917	0.200215721675655	0.564542690626437
ORTHOMCL3540.1	14.443902105814	0.995257821130943	0.792442321101629	1.25593723937834	0.209138725608441	0.570981917534158
ORTHOMCL9015	8.44005455299388	0.259893974145319	0.246397600464446	1.05477477725202	0.291528342860858	0.659774670685099
ORTHOMCL8454	39.0896233533006	0.0884959171509834	0.235901070380771	0.37513995594908	0.707556382721094	0.901330881179852
ORTHOMCL793.1	7.44753054419177	-0.265410821360501	0.477111808050768	-0.556286423605469	0.578015066690034	0.85169902699185
ORTHOMCL7810	30.0594525984995	-0.19421645306006	0.171507640439622	-1.13240700275643	0.257463362124418	0.598428355208107
ORTHOMCL8725	27.7815932606347	0.046489526065544	0.403160830333419	0.115312606205063	0.908197346710474	0.9881737033778
ORTHOMCL899.1	10.9255436391678	0.135753624866362	0.292872632975899	0.463524445718809	0.642988496619972	0.897396254215411
ORTHOMCL4964	37.050413754878	0.445735693998315	0.0907711688619168	4.91054262699182	9.08247089626755e-07	7.81092497079009e-05
ORTHOMCL5521	37.6003273059791	0.00731377779876268	0.284533160197626	0.0257044830686265	0.979493048068072	0.997345612122722
ORTHOMCL1421.1	15.2282975179644	-0.0114863432493135	0.317117169967624	-0.0362211331870999	0.971106035198189	0.997345612122722
ORTHOMCL7309	10.4936862796562	-0.686272956255293	0.184484076610165	-3.71995767258256	0.000199256168661201	0.00428400762621583
ORTHOMCL3285	34.6977245016682	0.0632939101782876	0.113118445362851	0.559536598785981	0.57579556076765	0.85169902699185
ORTHOMCL7897	47.9828387063793	-0.0983218854804411	0.203987353516017	-0.481999907277198	0.629806012138443	0.895261438742249
ORTHOMCL8636	30.8336271478551	0.121114774751035	0.181784694866096	0.666253970612041	0.505248781224598	0.833021698866972
ORTHOMCL5548	19.8664230779114	0.072600394218287	0.199752997895221	0.363450836699678	0.716268132085358	0.901330881179852
ORTHOMCL43.2	11.8738427213438	0.126404482702237	0.428843751628062	0.294756498660305	0.768179899763555	0.928457308373821
ORTHOMCL7580	17.9245898176257	0.420828689659944	0.177923361846193	2.36522447245422	0.018019145603503	0.119203578607789
ORTHOMCL8141	40.1372513037283	-0.189777839825814	0.162891100211923	-1.16505959858403	0.243994869174801	0.580926477372017
ORTHOMCL9011	25.2984957603464	0.161126527234135	0.160908293797771	1.001356259713	0.316654602662727	0.664202337292549
ORTHOMCL2198.1	8.02643217088712	-0.0593614466256615	0.494331170370542	-0.120084368908328	0.904416314587073	0.9881737033778
ORTHOMCL5411	44.3914400225809	0.0399585024115815	0.209631083946819	0.190613441762857	0.848828458281902	0.954238528264622
ORTHOMCL8448	10.2314718857371	-0.380576603563716	0.595921545150519	-0.638635415451525	0.523060136497866	0.833021698866972
ORTHOMCL5326	10.3149414884108	0.19387817531765	0.349752624310916	0.554329436983151	0.579353407895619	0.85169902699185
ORTHOMCL2538.1	31.1568554919154	-0.567355516224952	0.808731329931672	-0.701537698895487	0.482967516413006	0.829987021817621
ORTHOMCL4683	39.4318389988747	0.194801900004149	0.148005884712999	1.31617672082359	0.188114735180585	0.55631219246068
ORTHOMCL8477	65.6619109617438	-0.0462441535515789	0.132594703090125	-0.348763204516146	0.727267089470849	0.906448836152072
ORTHOMCL8932	23.9315991254623	-0.0575100728933163	0.371401307638267	-0.154846177734326	0.876942585658294	0.979442368397575
ORTHOMCL9035	81.2539840402188	-0.302974587669808	0.223782060379273	-1.35388237625624	0.175773906987571	0.539877000033253
ORTHOMCL329.1	58.6136875687767	0.267263523805128	0.3673336374162	0.72757704871528	0.466872534373498	0.827856452703522
ORTHOMCL5322	23.3408911803883	-0.135528822706872	0.340045338511444	-0.398561036890411	0.69021667578273	0.901330881179852
ORTHOMCL5050	18.3806916983387	0.262776921081128	0.223750878217008	1.17441738407958	0.240227885510419	0.580926477372017
ORTHOMCL8981	57.6171207404633	-8.43574049208984e-05	0.293747552202709	-0.000287176537432677	0.999770866277707	0.999770866277707
ORTHOMCL3297	8.96189051106891	0.236848384398545	0.399565228124611	0.59276525515048	0.553338263311293	0.85169902699185
ORTHOMCL3453	21.4540684328079	-0.111941904563905	0.526015558922355	-0.212811014170834	0.831474372458828	0.94710988121138
ORTHOMCL3668	16.2631396818924	-0.501354039782738	0.143343333791819	-3.49757485416703	0.00046950893431145	0.00672962805846412
ORTHOMCL8203	18.824639204574	0.241931771870232	0.317113311041719	0.762919005435266	0.445511700957915	0.827856452703522
ORTHOMCL1165.1	7.56580172967446	0.579928356586361	0.473921713885452	1.22367964918048	0.221073099683736	0.580926477372017
ORTHOMCL8192	36.9326813350907	-0.261674414185738	0.141823106091893	-1.84507603448051	0.0650264788559944	0.28414170793202
ORTHOMCL7545	16.4828374911407	0.213258571229577	0.234804610839143	0.908238430529261	0.363752263924466	0.736063404647155
ORTHOMCL5017	41.5794434117024	0.304951633478263	0.165540201846539	1.84216057535657	0.0654516653406705	0.28414170793202
ORTHOMCL5574	65.1499086203552	0.434065672541637	0.56997868133372	0.761547206512963	0.446330294111156	0.827856452703522
ORTHOMCL8971	20.0926552212885	-0.222547911578052	0.1682019786977	-1.32309924830328	0.185802374671168	0.55631219246068
ORTHOMCL8601	18.2901379919986	0.146944441118788	0.200117214849992	0.734291856045157	0.46277088030945	0.827856452703522
ORTHOMCL3392	34.9877122687827	0.822789207230434	0.263394216293008	3.12379375223311	0.00178535553988651	0.0219343680614628
ORTHOMCL5077	31.2419879987234	0.416746953629063	0.250625771374415	1.66282561982214	0.0963473466690074	0.352590289937644
ORTHOMCL3504	14.3846053023643	0.208757473948529	0.505649480434757	0.412850169981465	0.679716391340294	0.901330881179852
ORTHOMCL8906	27.1688577009946	0.267757724573712	0.171558841340533	1.56073404600717	0.118586514704793	0.39993883390636
ORTHOMCL8960	7.1184842312046	-0.0333436681652117	0.448970611507522	-0.0742669281921432	0.940797991814903	0.992743893203455
ORTHOMCL251.1	25.9402884746914	0.755638425145381	0.286552219418902	2.63700077660448	0.00836426401019439	0.0719326704876718
ORTHOMCL5020	13.2627864767398	0.190054814530761	0.327349284066862	0.580587231380478	0.561518679963019	0.85169902699185
