baseMean	log2FoldChange	lfcSE	stat	pvalue	padj
ORTHOMCL5602	33.6311727120301	0.252707105612551	0.741310213455097	0.340892518443438	0.733184497265137	0.968295995856459
ORTHOMCL1396	15.9074755084725	0.288353230799542	0.57094515965573	0.50504540746683	0.613526943784891	0.955161861945554
ORTHOMCL7155	26.5951868841844	-0.158573191214002	0.271695902788242	-0.58364218814736	0.559461070069093	0.955161861945554
ORTHOMCL7010	29.4862459433977	0.129680550037514	0.293121606397044	0.44241211567958	0.658191013314535	0.966556058625031
ORTHOMCL8860	16.7840113535705	-0.369910921153104	0.301057961718763	-1.22870333354166	0.219183055906969	0.955161861945554
ORTHOMCL5435	39.9109333272757	-0.0795649258106512	0.197404158116489	-0.403055976985549	0.686907045281988	0.966556058625031
ORTHOMCL8210	6.94117754706093	0.225886484410126	0.56865823885997	0.397227137450741	0.691199972156272	0.966556058625031
ORTHOMCL8854	10.2565222608651	-0.464474146812714	0.607353346093187	-0.764751112018157	0.444419764121411	0.955161861945554
ORTHOMCL798.1	23.7804212226589	-0.431938496977731	0.345941607683972	-1.24858787547845	0.211815849209356	0.955161861945554
ORTHOMCL3522.1	55.4286394223785	0.204285118818222	0.338678973342794	0.603182172196602	0.546387506236596	0.955161861945554
ORTHOMCL5408	10.5140542543075	-0.142034588594002	0.883085297087014	-0.160839036798058	0.872220178559041	0.989299660356942
ORTHOMCL3470	29.751392079709	-0.141598654737447	0.25081837684093	-0.564546571590524	0.572382214750143	0.955161861945554
ORTHOMCL1829	118.341108365831	0.606410086329706	0.198320048489584	3.05773466146342	0.00223016951776037	0.0958972892636959
ORTHOMCL8796	44.472763549226	-0.742804673751006	0.357760737187456	-2.07626102179513	0.037869816221916	0.791808870742298
ORTHOMCL4705	19.306056325377	-0.0162963917815663	0.267616446429165	-0.0608945825229011	0.951443163961347	0.993151970373803
ORTHOMCL8156	87.7464904895388	-0.232916167594841	0.265012009445646	-0.878889104241188	0.379461406958314	0.955161861945554
ORTHOMCL2376.1	20.9606699954379	1.48436153125726	0.548639716228616	2.70553058291306	0.00681953685292522	0.234592067740628
ORTHOMCL9014	253.442933676748	-0.0520884791808392	0.298258007258553	-0.174642349620759	0.86136066974218	0.989299660356942
ORTHOMCL2215.1	11.9005217828485	1.21587457940189	0.709642858893727	1.71336125512111	0.08664609960205	0.924684106579595
ORTHOMCL1830	20.4167742112393	-0.0629890366062467	0.421697645011943	-0.149370140790003	0.881261571581678	0.989299660356942
ORTHOMCL3469.1	21.8565751099907	1.00458456162972	0.567244021085592	1.77099189112148	0.0765620501721641	0.924684106579595
ORTHOMCL3632	18.2057538115897	0.00634827376896709	0.272719033682399	0.0232777070351463	0.981428754104264	0.99369951189392
ORTHOMCL5488	64.1346321667457	0.529716937883501	0.228553591087769	2.31769247362244	0.0204660403616179	0.586693157033046
ORTHOMCL1657	53.1070436775325	0.0492292672163077	0.238937338692319	0.206034215856487	0.836764184251517	0.989299660356942
ORTHOMCL8950	26.0577892482202	1.89936036669014	1.37327593908661	1.38308719510038	0.16663813146936	0.955161861945554
ORTHOMCL5387	14.1239612688558	0.247123948291607	0.493209447671629	0.501052746370216	0.616334001657542	0.955161861945554
ORTHOMCL2459.1	66.0297694450345	0.255210924672397	0.219553941157892	1.16240648346578	0.245070390956144	0.955161861945554
ORTHOMCL5426	35.6385433157306	0.310967226294739	0.290857597991683	1.06913908538717	0.285007001978057	0.955161861945554
ORTHOMCL8292	15.7324478120693	-1.26278500408256	0.619260546434229	-2.0391820718336	0.0414318595155854	0.791808870742298
ORTHOMCL4694	22.3385867366809	0.399711791700464	0.43784517120948	0.912906703062002	0.3612916118434	0.955161861945554
ORTHOMCL2178.1	73.5439980242321	0.403504490050277	0.318832956509714	1.26556706830896	0.205668122484408	0.955161861945554
ORTHOMCL5179	31.4933221484155	0.361586701642724	0.205290096113656	1.76134508428764	0.078180013679531	0.924684106579595
ORTHOMCL1813.1	94.9294514837963	0.382868321904917	0.307267222595245	1.24604348837188	0.212748429890873	0.955161861945554
ORTHOMCL1140	10.8789217468439	-0.299468643226895	0.632926632102678	-0.473149063473622	0.636106834967947	0.955161861945554
ORTHOMCL1113.1	332.384889148452	0.267101371425531	0.466735069173134	0.572276199212385	0.567134871510011	0.955161861945554
ORTHOMCL2461.1	58.4510188831339	0.0742449888707404	0.373241343248731	0.198919520073806	0.842325699829707	0.989299660356942
ORTHOMCL5380	15.5258812505731	-0.147790459156762	0.29654122828038	-0.498380815422489	0.61821565608797	0.955161861945554
ORTHOMCL3054.1	19.1920349863915	0.212714912085328	0.521162726891936	0.408154499754613	0.683160250377549	0.966556058625031
ORTHOMCL5282	45.7971095508459	-0.315903174113535	0.396319347527477	-0.797092486360721	0.42539731974822	0.955161861945554
ORTHOMCL8692	19.5903403213308	0.270760102827624	0.404014165401497	0.670174776071407	0.502746381464545	0.955161861945554
ORTHOMCL2424	21.2335824096637	-0.416996980337047	0.310733514475403	-1.34197619796836	0.179603713336004	0.955161861945554
ORTHOMCL8891	17.5208737142837	0.292294740672731	0.614814214939353	0.475419620383311	0.634487912477756	0.955161861945554
ORTHOMCL8888	41.7360696797493	-0.42442498952738	0.271028752281914	-1.56597772728522	0.117353831484537	0.924684106579595
ORTHOMCL2235	12.884418791443	-0.103314978608928	0.715921619061659	-0.144310460612071	0.885255318398399	0.989299660356942
ORTHOMCL7902	11.013550498413	-0.420615670056321	0.780726703833123	-0.538748921986695	0.590060112154462	0.955161861945554
ORTHOMCL5536	14.0036269958157	0.360163851271623	0.888036007272595	0.405573477113598	0.685056020126585	0.966556058625031
ORTHOMCL2374	30.3520942690626	-0.131440128556158	0.273203311563196	-0.481107376788709	0.63044018548898	0.955161861945554
ORTHOMCL8696	57.2221310785373	-0.324259912705285	0.393509007674715	-0.824021576078701	0.409927298512137	0.955161861945554
ORTHOMCL3377	12.2271720417794	0.199035006686201	0.419350896295518	0.474626401050876	0.635053285068111	0.955161861945554
ORTHOMCL1650.1	26.5804179237529	0.471048968258746	0.895650302647011	0.525929558519217	0.598937150714043	0.955161861945554
ORTHOMCL8945	27.3169835217064	-0.0621269765519349	0.22746584682027	-0.273126614040762	0.784755889174531	0.989299660356942
ORTHOMCL5591	22.5927430847422	0.00920324952892692	0.260609137777533	0.0353143777206431	0.971829058718909	0.99369951189392
ORTHOMCL5428	24.8037517287945	-0.0046121090720815	0.391968786390709	-0.0117665212951018	0.990611890956997	0.99369951189392
ORTHOMCL8561	8.06486248033223	0.43335178754275	0.621297734270036	0.697494556377057	0.485493344928385	0.955161861945554
ORTHOMCL902.1	10.9583556277242	0.498170206356312	0.911156385504792	0.546745009178989	0.584553927435617	0.955161861945554
ORTHOMCL2547.1	11.2694424664019	-0.581324257159971	0.678673214194551	-0.856559895103399	0.391688157995951	0.955161861945554
ORTHOMCL8958	44.3426473069479	-0.372300725522933	0.290729284183031	-1.28057524913296	0.200342898221267	0.955161861945554
ORTHOMCL2519.1	12.6712818164396	0.416729707624977	0.782464985791464	0.53258575807511	0.594320362976287	0.955161861945554
ORTHOMCL3357.1	12.5515481628436	-0.81389974136856	0.79483388088101	-1.0239872266975	0.305841308149847	0.955161861945554
ORTHOMCL944.1	12.715825098703	0.656151860052741	0.513563256062254	1.27764564989284	0.201374396865713	0.955161861945554
ORTHOMCL688.1	248.123973481073	0.66883079203144	0.617195029714852	1.08366198661782	0.278514695979982	0.955161861945554
ORTHOMCL1150.1	11.3834492268833	-0.134785881601258	0.431241170793993	-0.312553370897062	0.754620008923347	0.976390577477378
ORTHOMCL5547	70.9770594109289	0.0939290279271158	0.255958011122769	0.366970455486401	0.713641055990968	0.968295995856459
ORTHOMCL5269	75.2985307573353	-0.267113086639842	0.258729515268474	-1.03240284110094	0.301883441560242	0.955161861945554
ORTHOMCL1761	39.838352260271	-0.00615264146791179	0.304426432295219	-0.0202106020213949	0.983875370423769	0.99369951189392
ORTHOMCL2364.1	12.3095168196476	-0.387364963097759	0.344431656897076	-1.12464971015574	0.260737499996557	0.955161861945554
ORTHOMCL8248	18.6438611887224	0.178935810885708	0.299941280499376	0.59656947049034	0.55079485922999	0.955161861945554
ORTHOMCL8896	8.37289954169694	0.337182150277235	0.717987471971259	0.469621216859801	0.638625663510109	0.955161861945554
ORTHOMCL5221	159.427758961982	-0.440835844359517	0.40211609848791	-1.09628996704486	0.272951898628671	0.955161861945554
ORTHOMCL2536	12.4497614738924	0.357568921668505	0.568651219135835	0.628801820229794	0.529478808223983	0.955161861945554
ORTHOMCL2454	18.9295943750729	-0.0607469786829259	0.319348536467962	-0.190221565925417	0.849135512481122	0.989299660356942
ORTHOMCL2502.1	17.1538274743157	-0.559926334298592	0.356951095060614	-1.56863598976636	0.116732781438849	0.924684106579595
ORTHOMCL1783	13.124259761012	-0.0275010579145059	0.433261094870073	-0.0634745612752352	0.949388615547265	0.993151970373803
ORTHOMCL5199	30.884312036103	-0.652654877508309	0.576493913453299	-1.13211061258009	0.257587933692434	0.955161861945554
ORTHOMCL5593	37.0691556964353	0.0100609118754392	0.339843703368351	0.0296045263623269	0.976382455382157	0.99369951189392
ORTHOMCL8391	27.8823052720694	-0.5076957186165	0.296783358521835	-1.71066100587695	0.0871437100505064	0.924684106579595
ORTHOMCL2344.1	14.849760846064	-0.20815213225285	0.578161855845861	-0.36002397970084	0.718829201112507	0.968295995856459
ORTHOMCL427.2	27.2588849902371	-0.0619090305521064	0.286161451104701	-0.216343013054736	0.828720383280513	0.989299660356942
ORTHOMCL5459	42.0559003003634	-0.441494159770991	0.627143082876016	-0.703976766747299	0.481447242391186	0.955161861945554
ORTHOMCL2229.1	15.9480179473551	2.35130613585039	1.39530740335959	1.68515277005551	0.0919591006603019	0.924684106579595
ORTHOMCL8819	34.0587314746639	0.0472208412669502	0.317366285761433	0.1487897214843	0.881719561423256	0.989299660356942
ORTHOMCL1768.1	12.5533433240373	1.55613106117516	1.01574601930715	1.53200803310715	0.1255204524473	0.938674687866767
ORTHOMCL4932	20.0400200485164	-0.641455591205123	0.340868221967485	-1.88182866534948	0.0598592824158866	0.924684106579595
ORTHOMCL8993	20.3369325897432	0.287855287678834	0.395372338894569	0.7280612712656	0.466576080127258	0.955161861945554
ORTHOMCL8412	8.5459083669908	0.244745721670371	0.730168637841376	0.33519067922983	0.737481252658117	0.968295995856459
ORTHOMCL4572	46.6942726598797	0.158361721169843	0.201584455861319	0.785584982201151	0.43211066549	0.955161861945554
ORTHOMCL4809	27.7544700529583	-0.0403658217802411	0.438067250065622	-0.0921452625691474	0.926582627067368	0.993151970373803
ORTHOMCL3258	42.4944358719431	0.329581177461377	0.438430732942543	0.751729184789082	0.452213935764946	0.955161861945554
ORTHOMCL1742.1	12.1008393728936	0.35127767704803	0.433599485568828	0.810143205283553	0.417857875028108	0.955161861945554
ORTHOMCL8375	16.8414052418804	-0.0625266837259243	0.304430012057745	-0.205389354693663	0.837267936715057	0.989299660356942
ORTHOMCL8843	20.644344398317	-0.065835650179709	0.295737458230199	-0.222615189072407	0.823835013909539	0.989299660356942
ORTHOMCL7759	15.7605573381784	0.0667974223747195	0.283479143547526	0.235634345224839	0.813716420133353	0.989299660356942
ORTHOMCL4732	38.7303531320559	-0.0176286398238808	0.227758254131088	-0.0774006627822786	0.938304813542053	0.993151970373803
ORTHOMCL1751	47.6247386486675	-0.222123151689164	0.395590099048925	-0.56149825848319	0.574457917188794	0.955161861945554
ORTHOMCL4684	29.3939456099479	0.0864054273446158	0.248034732804167	0.348360192815561	0.727569693951299	0.968295995856459
ORTHOMCL5264	40.6736055683371	0.284460916329577	0.286725715526933	0.99210116472046	0.321148178436935	0.955161861945554
ORTHOMCL789.1	20.6119951071978	1.07818621727219	0.348066097442513	3.09764790421815	0.00195063031817944	0.0958972892636959
ORTHOMCL9023	23.114488599283	-0.374221101805854	0.635740749150473	-0.588637903588716	0.556104201649504	0.955161861945554
ORTHOMCL7274	19.8399267940759	-0.899815338083105	0.668126423213702	-1.34677406373928	0.178053010356214	0.955161861945554
ORTHOMCL109.1	107.93691480805	0.868593901081595	0.248587090876702	3.49412311805207	0.000475621623199054	0.0557259993488936
ORTHOMCL298.1	12.215724456035	-0.541504598183457	0.763867585957119	-0.70889851610205	0.478387456025635	0.955161861945554
ORTHOMCL234.1	25.5513180438604	0.274313217524175	0.420828091453748	0.651841507482453	0.514503421876533	0.955161861945554
ORTHOMCL3578.1	22.0205088669996	-0.132177471164519	0.327775163911357	-0.403256517630069	0.686759526115727	0.966556058625031
ORTHOMCL3305.1	32.2066095785374	-0.493478311670853	0.448186026347029	-1.10105688857143	0.270871898600578	0.955161861945554
ORTHOMCL3419.1	15.0408009279896	-0.303312784331553	0.809149638677349	-0.374853759840211	0.707769229933122	0.968295995856459
ORTHOMCL808.1	18.0196574541255	1.22605720722762	1.03089092117329	1.18931807628318	0.234314524782168	0.955161861945554
ORTHOMCL3325	16.6646040522655	0.288711208369649	0.430998607269238	0.669865757105094	0.502943370431332	0.955161861945554
ORTHOMCL7988	57.2355079014779	-0.170604690293079	0.295955738032948	-0.576453396129412	0.564308761737355	0.955161861945554
ORTHOMCL297.1	12.0884594488398	1.22722383314657	0.882470462567215	1.39066845317001	0.164325988082613	0.955161861945554
ORTHOMCL7995	37.4258139583171	-0.462385385956768	0.293472725047616	-1.57556510875669	0.115126062460624	0.924684106579595
ORTHOMCL8633	21.7196349071602	0.449446148170234	0.37837669694811	1.18782724146427	0.234901479529869	0.955161861945554
ORTHOMCL8359	33.6828499496416	0.0578537295586501	0.517176008387113	0.111864681695261	0.910930700711819	0.993151970373803
ORTHOMCL5364	14.8688866744855	-0.559992059730841	0.336923422943531	-1.66207518265863	0.0964977008837386	0.924684106579595
ORTHOMCL3353	18.8153628967851	-0.368167103216044	0.602414354222255	-0.611152607230558	0.541098555213674	0.955161861945554
ORTHOMCL1402.1	37.0245159749143	0.0457672244725132	0.527050881767879	0.086836444175934	0.930801518760944	0.993151970373803
ORTHOMCL5474	25.7334636925674	-1.36030091173578	0.870837086449468	-1.56206130044591	0.118273548515995	0.924684106579595
ORTHOMCL8604	26.4703765934162	0.267766062795975	0.352196763113025	0.760274059390048	0.44709078435799	0.955161861945554
ORTHOMCL5084	31.8032602474863	-0.208827960284786	0.264171930371113	-0.7905001867209	0.429235713219732	0.955161861945554
ORTHOMCL8142	23.8638961677775	-0.48547567997576	0.528577762624253	-0.918456496477449	0.358379924522207	0.955161861945554
ORTHOMCL7535	27.8643603790022	0.204237559491581	0.269485522205038	0.757879524734495	0.448523108890426	0.955161861945554
ORTHOMCL3435	17.0398666674361	-0.422279901111109	0.486791993211765	-0.867475034511111	0.385681784954188	0.955161861945554
ORTHOMCL8541	43.6283031667131	0.175775076143135	0.313760978242915	0.560219684192371	0.575329602178793	0.955161861945554
ORTHOMCL3540.1	14.443902105814	-1.11001691413508	1.24533956414654	-0.89133674548901	0.372748541175012	0.955161861945554
ORTHOMCL9015	8.44005455299388	0.430999777036663	0.468965115875264	0.919044428778581	0.358072334055097	0.955161861945554
ORTHOMCL8454	39.0896233533006	-0.0651620319938453	0.369689532168355	-0.176261501405376	0.860088505885482	0.989299660356942
ORTHOMCL793.1	7.44753054419177	-0.049513824779431	0.741875317943746	-0.0667414369798262	0.94678754589552	0.993151970373803
ORTHOMCL7810	30.0594525984995	-0.124473512808713	0.273535596073254	-0.455054166973494	0.649070270274552	0.962414538682956
ORTHOMCL8725	27.7815932606347	0.0617004027465022	0.623327085572859	0.0989855954836255	0.921149707070162	0.993151970373803
ORTHOMCL899.1	10.9255436391678	0.284092097670392	0.499130022543532	0.569174533366433	0.569237701374337	0.955161861945554
ORTHOMCL4964	37.050413754878	0.0399276999280003	0.180215326476116	0.221555517550789	0.824659913693207	0.989299660356942
ORTHOMCL5521	37.6003273059791	-0.0860939175050656	0.439910097983352	-0.195707981925716	0.844838736554566	0.989299660356942
ORTHOMCL1421.1	15.2282975179644	0.425219039272946	0.517545801738944	0.821606586014644	0.411300839730346	0.955161861945554
ORTHOMCL7309	10.4936862796562	0.148862650925239	0.369602881512085	0.402763772609742	0.687122014304275	0.966556058625031
ORTHOMCL3285	34.6977245016682	-0.148945688843895	0.19941684584121	-0.746906251653865	0.455120152017258	0.955161861945554
ORTHOMCL7897	47.9828387063793	-0.25244115158354	0.331318316521423	-0.761929356136931	0.446102168076939	0.955161861945554
ORTHOMCL8636	30.8336271478551	0.161410414700256	0.293154884117287	0.550597733298136	0.581909463061444	0.955161861945554
ORTHOMCL5548	19.8664230779114	-0.395368350532136	0.36283234271984	-1.08967229207959	0.275857525688063	0.955161861945554
ORTHOMCL43.2	11.8738427213438	0.390583588421468	0.654473060558597	0.596790932980652	0.550646972262965	0.955161861945554
ORTHOMCL7580	17.9245898176257	0.586825653069449	0.304208443909983	1.92902486705166	0.0537277752027625	0.924117733487516
ORTHOMCL8141	40.1372513037283	-0.975002881619556	0.28586638598783	-3.4106943992396	0.000647976736615042	0.0557259993488936
ORTHOMCL9011	25.2984957603464	-0.633645301324007	0.284933521583642	-2.22383557330232	0.0261595090376155	0.64277650778141
ORTHOMCL2198.1	8.02643217088712	-0.399447469045772	0.81639725693425	-0.489280758421193	0.624642941622105	0.955161861945554
ORTHOMCL5411	44.3914400225809	0.228579678762848	0.322181893571078	0.709474006218229	0.478030376642894	0.955161861945554
ORTHOMCL8448	10.2314718857371	-0.138420277902327	0.963521333037154	-0.143660833607085	0.885768300552145	0.989299660356942
ORTHOMCL5326	10.3149414884108	-0.114524341010137	0.572549916756691	-0.200025076693539	0.841460969055381	0.989299660356942
ORTHOMCL2538.1	31.1568554919154	-0.867089409370423	1.22926525288886	-0.705372097139087	0.480578703742492	0.955161861945554
ORTHOMCL4683	39.4318389988747	0.123459012745424	0.249055968938345	0.49570790562336	0.620100508584114	0.955161861945554
ORTHOMCL8477	65.6619109617438	-0.221678637765454	0.224075743823921	-0.989302251026553	0.322515283046539	0.955161861945554
ORTHOMCL8932	23.9315991254623	-0.416089650530394	0.598898347759687	-0.694758387774604	0.48720673015043	0.955161861945554
ORTHOMCL9035	81.2539840402188	-0.00257352271001435	0.325903749493472	-0.00789657288084038	0.99369951189392	0.99369951189392
ORTHOMCL329.1	58.6136875687767	0.487864701682026	0.546470821909025	0.892755261804709	0.371988249342151	0.955161861945554
ORTHOMCL5322	23.3408911803883	-0.421416790876808	0.53179171220226	-0.79244708258358	0.428100035514229	0.955161861945554
ORTHOMCL5050	18.3806916983387	-0.188056495057815	0.398810153028541	-0.471543900348888	0.637252377499225	0.955161861945554
ORTHOMCL8981	57.6171207404633	-0.57086736948659	0.436301189470688	-1.30842496711768	0.190729208854241	0.955161861945554
ORTHOMCL3297	8.96189051106891	0.791745116815446	0.774221095318155	1.02263438906956	0.306480743651357	0.955161861945554
ORTHOMCL3453	21.4540684328079	0.415033785028165	0.793350215358071	0.523140697505003	0.600876346097091	0.955161861945554
ORTHOMCL3668	16.2631396818924	-0.350647448007845	0.271597862461617	-1.29105378381761	0.196685028261434	0.955161861945554
ORTHOMCL8203	18.824639204574	-0.109756491343252	0.497214512033183	-0.220742735151558	0.825292754294185	0.989299660356942
ORTHOMCL1165.1	7.56580172967446	0.0459350526693457	0.77494688181562	0.0592750983934856	0.952732994835335	0.993151970373803
ORTHOMCL8192	36.9326813350907	-0.431118222022793	0.264622350005639	-1.62918295455242	0.103274294278702	0.924684106579595
ORTHOMCL7545	16.4828374911407	-0.492496451237773	0.388061154157682	-1.2691207196628	0.204398011458322	0.955161861945554
ORTHOMCL5017	41.5794434117024	0.0433821820392116	0.260335218995763	0.166639697104976	0.867653556619275	0.989299660356942
ORTHOMCL5574	65.1499086203552	-0.281465562984253	0.836878546282384	-0.336327850958291	0.736623649925804	0.968295995856459
ORTHOMCL8971	20.0926552212885	-0.325191209090558	0.299216104099148	-1.08681051800207	0.277120558436044	0.955161861945554
ORTHOMCL8601	18.2901379919986	0.0741804504964286	0.347624563614251	0.213392430400127	0.831020884206942	0.989299660356942
ORTHOMCL3392	34.9877122687827	0.321410216727095	0.392043957594924	0.819832088980158	0.412311835252575	0.955161861945554
ORTHOMCL5077	31.2419879987234	0.0191422915214644	0.391773715324643	0.0488605814343674	0.961030402777916	0.99369951189392
ORTHOMCL3504	14.3846053023643	0.103775449993085	0.796312616657692	0.130319987178721	0.896313267435222	0.993151970373803
ORTHOMCL8906	27.1688577009946	-0.102414884750282	0.29289540903227	-0.349663673762118	0.72659111884885	0.968295995856459
ORTHOMCL8960	7.1184842312046	0.232346688215101	0.744572702159443	0.312053728992802	0.754999690723787	0.976390577477378
ORTHOMCL251.1	25.9402884746914	-0.367142061296168	0.436334569287121	-0.841423272733126	0.400110852227202	0.955161861945554
ORTHOMCL5020	13.2627864767398	-0.0531957810802164	0.506764607428156	-0.104971381782533	0.916398517262269	0.993151970373803
