sample_uid	sample_name	fastq_fwd_file_name	fastq_fwd_sha256_file_hash	fastq_rev_file_name	fastq_rev_sha256_file_hash	raw_contigs	post_qc_absolute_seqs	post_qc_unique_seqs	post_taxa_id_absolute_symbiodiniaceae_seqs	post_taxa_id_unique_symbiodiniaceae_seqs	size_screening_violation_absolute	size_screening_violation_unique	post_taxa_id_absolute_non_symbiodiniaceae_seqs	post_taxa_id_unique_non_symbiodiniaceae_seqs	post_med_absolute	post_med_unique	noName Clade A	noName Clade B	noName Clade C	noName Clade D	noName Clade E	noName Clade F	noName Clade G	noName Clade H	noName Clade I	sample_type	host_phylum	host_class	host_order	host_family	host_genus	host_species	collection_latitude	collection_longitude	collection_date	collection_depth	B2	B2e	1390331_B	22371_B	787438_B	1157383_B	1463665_B	22017_B	64886_B	46221_B	46220_B	1157325_B	1465458_B	1157406_B	B5a	45591_B	47974_B	46283_B	46225_B	1157296_B	1157307_B	1157328_B	1157385_B	1157278_B	787431_B	46226_B	44386_B	1157356_B	61427_B	1778703_B	1778702_B	1465440_B	1465776_B	46272_B	C1	C1t	C1c	21508_C	282233_C	D1	D4	D4c
134749	CP1	CP1_R1_NoIll_No4N_ITS.fastq.gz	bfab6c467fc91fbfe63a3e3409114db43f08af51a61e8f3e62749f473921fa18	CP1_R2_NoIll_No4N_ITS.fastq.gz	f78f781cfbb6a237111539260cdf697c022cdf0473f517625aa05f19a83b1e4f	13510	4404	189	4404	189	0	0	0	0	4297	12	0	493	0	0	0	0	0	0	0	coral_aquarium	Cnidaria	Anthozoa	Scleractinia	Oculinidae	Oculina	arbuscula	34.71336600	-76.68021000	Summer 2018	3	3552	252	53	58	0	58	0	81	98	21	0	32	36	30	0	0	0	0	0	0	0	0	0	0	26	0	0	0	0	0	0	0	0	0	0	0	0	0	0	0	0	0
134756	FH11	FH11_R1_NoIll_No4N_ITS.fastq.gz	72d293af48934c56ad60ee57cc330f35e6c896d2fb2d869644d3f616a84be308	FH11_R2_NoIll_No4N_ITS.fastq.gz	ce3a4a1cd12312208a80bd1eb4d2c9de0234068d74c0b17afbac6ec405674e50	17337	3361	194	3361	194	0	0	0	0	3273	13	0	402	0	0	0	0	0	0	0	coral_aquarium	Cnidaria	Anthozoa	Scleractinia	Oculinidae	Oculina	arbuscula	34.71336600	-76.68021000	Summer 2018	3	2767	104	114	23	29	35	24	70	32	19	0	28	13	0	0	0	0	0	0	0	0	0	0	0	0	0	0	0	15	0	0	0	0	0	0	0	0	0	0	0	0	0
134762	FO2	FO2_R1_NoIll_No4N_ITS.fastq.gz	3cf8b8a33429f51bda874f34e2ca6d761b0e868db1d71f23f957a4b9476ce882	FO2_R2_NoIll_No4N_ITS.fastq.gz	2affe31811bd30754871bab91ffc559623586560cefc0d1fe273786997d8c2f8	9609	6296	239	6296	239	0	0	0	0	6174	14	0	840	0	0	0	0	0	0	0	coral_aquarium	Cnidaria	Anthozoa	Scleractinia	Oculinidae	Oculina	arbuscula	34.71336600	-76.68021000	Summer 2018	3	5159	175	68	102	123	157	61	57	40	49	57	57	32	37	0	0	0	0	0	0	0	0	0	0	0	0	0	0	0	0	0	0	0	0	0	0	0	0	0	0	0	0
134752	FA5	FA5_R1_NoIll_No4N_ITS.fastq.gz	b33a7038e57b10065aed06dae772460fd9d43a24ef8cc9645a4e20cb5feea5f3	FA5_R2_NoIll_No4N_ITS.fastq.gz	4ce3d16f4d1c14f6bbf0f313aaacc970c3b1cabbdaca7f9b68b8a9b1a25869ff	12082	6995	246	6995	246	0	0	0	0	6893	14	0	1005	0	0	0	0	0	0	0	coral_aquarium	Cnidaria	Anthozoa	Scleractinia	Oculinidae	Oculina	arbuscula	34.71336600	-76.68021000	Summer 2018	3	5617	243	127	169	183	100	0	65	114	59	49	73	31	35	0	0	0	0	0	0	0	0	0	0	0	0	0	0	0	0	0	0	0	0	28	0	0	0	0	0	0	0
134765	HA6	HA6_R1_NoIll_No4N_ITS.fastq.gz	ce0802929f3db3ed0ded66b8e7052925e418cc192f6d8da9ffe351aaaabf3847	HA6_R2_NoIll_No4N_ITS.fastq.gz	455217f88ee6e284812125902244d48a0a82060e6b1509b630e0f754bb6009ce	14156	10308	353	10308	353	0	0	0	0	10108	14	0	1541	0	0	0	0	0	0	0	coral_aquarium	Cnidaria	Anthozoa	Scleractinia	Oculinidae	Oculina	arbuscula	34.71336600	-76.68021000	Summer 2018	3	8331	236	165	178	123	129	131	151	130	132	149	93	81	79	0	0	0	0	0	0	0	0	0	0	0	0	0	0	0	0	0	0	0	0	0	0	0	0	0	0	0	0
134763	FP2	FP2_R1_NoIll_No4N_ITS.fastq.gz	cbedef762e102ed70cc27335ea540874958de87034164d93a8b0ebffee61adb0	FP2_R2_NoIll_No4N_ITS.fastq.gz	d7a197e4f0062a34e4c1bfff2a91d94a96c8a54d5fc979c261d252164416f341	6590	1014	28	1014	28	0	0	0	0	1014	8	0	155	0	0	0	0	0	0	0	coral_aquarium	Cnidaria	Anthozoa	Scleractinia	Oculinidae	Oculina	arbuscula	34.71336600	-76.68021000	Summer 2018	3	765	94	82	0	46	0	0	0	0	0	0	8	9	6	0	0	0	0	0	0	0	0	0	0	0	0	0	0	0	0	0	0	4	0	0	0	0	0	0	0	0	0
134738	CA4	CA4_R1_NoIll_No4N_ITS.fastq.gz	4dc89be5a3ea9c65c211c200b0be923181e1bf876f16a0df388d2018176af78f	CA4_R2_NoIll_No4N_ITS.fastq.gz	d118b90dc3e1600b23a4b52bb681da762e949a39c16bd67018536365946f59f3	25994	19988	490	19988	490	0	0	0	0	19617	13	0	3010	0	0	0	0	0	0	0	coral_aquarium	Cnidaria	Anthozoa	Scleractinia	Oculinidae	Oculina	arbuscula	34.71336600	-76.68021000	Summer 2018	3	16151	456	294	529	262	430	279	441	151	202	188	155	79	0	0	0	0	0	0	0	0	0	0	0	0	0	0	0	0	0	0	0	0	0	0	0	0	0	0	0	0	0
134745	CL6	CL6_R1_NoIll_No4N_ITS.fastq.gz	312d917717fcce43060992042ac359554463108384eddf2f2424d2495c13003e	CL6_R2_NoIll_No4N_ITS.fastq.gz	43884f3d5cc0e5f9888fe8352fc86a8752501773d1676f7ee0822da60d7864b1	13649	10103	348	10103	348	0	0	0	0	9897	14	0	1519	0	0	0	0	0	0	0	coral_aquarium	Cnidaria	Anthozoa	Scleractinia	Oculinidae	Oculina	arbuscula	34.71336600	-76.68021000	Summer 2018	3	8122	256	171	176	145	199	128	161	80	114	103	80	79	83	0	0	0	0	0	0	0	0	0	0	0	0	0	0	0	0	0	0	0	0	0	0	0	0	0	0	0	0
134760	FM2	FM2_R1_NoIll_No4N_ITS.fastq.gz	36dc7d972d35a1e9c87d7515479f568454dcfbe9bc940bb6f432a3c2ce68f17d	FM2_R2_NoIll_No4N_ITS.fastq.gz	8a6b2b97999f2da40dca02888c36df515c2e3413f1914ffc43fd422f60c0e32c	19255	14077	437	14077	437	0	0	0	0	13802	14	0	2128	0	0	0	0	0	0	0	coral_aquarium	Cnidaria	Anthozoa	Scleractinia	Oculinidae	Oculina	arbuscula	34.71336600	-76.68021000	Summer 2018	3	11357	317	220	275	194	177	187	198	159	199	187	104	113	115	0	0	0	0	0	0	0	0	0	0	0	0	0	0	0	0	0	0	0	0	0	0	0	0	0	0	0	0
134776	HP3	HP3_R1_NoIll_No4N_ITS.fastq.gz	5f5ca94a5b9ba3990567c1e3551963eb4815e7f62a715b28f6e3e7ce969bf2f2	HP3_R2_NoIll_No4N_ITS.fastq.gz	86f9b8bc3e578db7228303f644b54b58476cc6cbc06ff1547718500be9be840a	17573	13352	386	13352	386	0	0	0	0	13068	15	0	2023	0	0	0	0	0	0	0	NoData	Cnidaria	Anthozoa	Scleractinia	Oculinidae	Oculina	arbuscula	34.71336600	-76.68021000	Summer 2018	3	10721	319	324	245	242	146	129	160	203	134	147	113	88	92	0	0	0	0	0	0	0	0	0	0	0	0	0	0	0	0	0	0	0	0	0	0	0	0	0	5	0	0
134769	HH15	HH15_R1_NoIll_No4N_ITS.fastq.gz	f8723feb534d1beacfeae029e8b1f857f3ea461df9b660b5cce5c90069673a33	HH15_R2_NoIll_No4N_ITS.fastq.gz	ad363db952e9f1b09897074ae870e9fbaab87226246ae5fe3c697791e1f4f89a	19227	14383	424	14383	424	0	0	0	0	14094	14	0	2192	0	0	0	0	0	0	0	NoData	Cnidaria	Anthozoa	Scleractinia	Oculinidae	Oculina	arbuscula	34.71336600	-76.68021000	Summer 2018	3	11568	334	209	328	171	199	198	201	193	194	201	101	94	103	0	0	0	0	0	0	0	0	0	0	0	0	0	0	0	0	0	0	0	0	0	0	0	0	0	0	0	0
134766	HD6	HD6_R1_NoIll_No4N_ITS.fastq.gz	93a34817035963595fc5799d2a6866b59421651143076925236733f9c4a47f4f	HD6_R2_NoIll_No4N_ITS.fastq.gz	b85869e3a73a62353938e3288f222f5d945fdf158bd147feee1c21ed843cd9c5	21441	15874	449	15874	449	0	0	0	0	15578	14	0	2424	0	0	0	0	0	0	0	coral_aquarium	Cnidaria	Anthozoa	Scleractinia	Oculinidae	Oculina	arbuscula	34.71336600	-76.68021000	Summer 2018	3	12632	522	224	321	257	192	204	277	246	162	188	129	125	99	0	0	0	0	0	0	0	0	0	0	0	0	0	0	0	0	0	0	0	0	0	0	0	0	0	0	0	0
134770	HI3	HI3_R1_NoIll_No4N_ITS.fastq.gz	c3e72a3c06cc142aa5a301be2935203997f338016bc0ee7ac7330c698d971bb6	HI3_R2_NoIll_No4N_ITS.fastq.gz	ace0fb79f7c134b8d7ca108b30aa8c6fd88acf81b10afd89f81cce006a9e49e6	17542	13059	394	13059	394	0	0	0	0	12818	15	0	2059	0	0	0	0	0	0	0	NoData	Cnidaria	Anthozoa	Scleractinia	Oculinidae	Oculina	arbuscula	34.71336600	-76.68021000	Summer 2018	3	10400	352	248	233	282	173	212	217	187	112	134	81	93	87	0	0	0	0	0	0	0	0	0	0	0	0	0	0	0	0	0	0	0	0	0	0	0	0	0	0	7	0
134754	FE10	FE10_R1_NoIll_No4N_ITS.fastq.gz	49b5d45d8fa69bdcd0df127fef4d9d22b867e888e5d0e5e40ed0db7b512a2eee	FE10_R2_NoIll_No4N_ITS.fastq.gz	da936e9e709dc419351d1e8ed3f50d51f4a1e8d5d6c683e4bb133ddf5c8044e9	18487	11259	338	11259	338	0	0	0	0	11090	15	0	1773	0	0	0	0	0	0	0	coral_aquarium	Cnidaria	Anthozoa	Scleractinia	Oculinidae	Oculina	arbuscula	34.71336600	-76.68021000	Summer 2018	3	8867	431	261	172	164	329	225	136	139	66	74	81	59	67	0	0	0	0	0	0	0	0	0	0	0	0	0	0	0	0	0	0	0	0	0	0	19	0	0	0	0	0
134746	CM1	CM1_R1_NoIll_No4N_ITS.fastq.gz	36a007560585bf01d73aaf6e14ccec36b3cb770e44d5c5f8cd6e2d246154ce0b	CM1_R2_NoIll_No4N_ITS.fastq.gz	22f21ff76b12231a0f2ac8758ac1bf017fc63ce1d133fb7e5d55d00bba36ad8d	24194	18212	478	18212	478	0	0	0	0	17916	14	0	2901	0	0	0	0	0	0	0	coral_aquarium	Cnidaria	Anthozoa	Scleractinia	Oculinidae	Oculina	arbuscula	34.71336600	-76.68021000	Summer 2018	3	14566	449	384	311	236	313	273	294	219	236	198	147	159	131	0	0	0	0	0	0	0	0	0	0	0	0	0	0	0	0	0	0	0	0	0	0	0	0	0	0	0	0
134755	FF8	FF8_R1_NoIll_No4N_ITS.fastq.gz	175403de03572fa7d3beacd786397cf238af595785139ec762543b978b288f38	FF8_R2_NoIll_No4N_ITS.fastq.gz	96edf8b2ddf18bdb15fe6083b0d252ab4b2bf4fc73f001c12702f116f6a8e46b	6998	5055	204	5055	204	0	0	0	0	4985	14	0	811	0	0	0	0	0	0	0	coral_aquarium	Cnidaria	Anthozoa	Scleractinia	Oculinidae	Oculina	arbuscula	34.71336600	-76.68021000	Summer 2018	3	4024	150	64	95	80	92	119	82	39	56	71	41	35	37	0	0	0	0	0	0	0	0	0	0	0	0	0	0	0	0	0	0	0	0	0	0	0	0	0	0	0	0
134744	CJ13	CJ13_R1_NoIll_No4N_ITS.fastq.gz	5533473fd13161e4a5c5b4bc5cb19f85ffd8ac7e1217e9428eb67c3091d1658f	CJ13_R2_NoIll_No4N_ITS.fastq.gz	323a88495b0abe86895e33e71a346c8a7da5c93e1efd1355e6833b65feb52909	29792	24052	557	24052	557	0	0	0	0	23628	14	0	3852	0	0	0	0	0	0	0	coral_aquarium	Cnidaria	Anthozoa	Scleractinia	Oculinidae	Oculina	arbuscula	34.71336600	-76.68021000	Summer 2018	3	19165	611	447	474	374	433	403	364	257	281	276	202	167	174	0	0	0	0	0	0	0	0	0	0	0	0	0	0	0	0	0	0	0	0	0	0	0	0	0	0	0	0
134777	HR9	HR9_R1_NoIll_No4N_ITS.fastq.gz	bff67ef8750e0249f6b7985aa43d56ec80122c3087c69d2b8344015345bcf4cc	HR9_R2_NoIll_No4N_ITS.fastq.gz	95b27d4c804e6eac1e0eb507a52f88c9a2665d7864dd4b597d5e25beea98699c	13247	9672	335	9672	335	0	0	0	0	9502	14	0	1554	0	0	0	0	0	0	0	NoData	Cnidaria	Anthozoa	Scleractinia	Oculinidae	Oculina	arbuscula	34.71336600	-76.68021000	Summer 2018	3	7684	264	183	178	163	169	147	153	123	113	110	63	74	78	0	0	0	0	0	0	0	0	0	0	0	0	0	0	0	0	0	0	0	0	0	0	0	0	0	0	0	0
134774	HN6	HN6_R1_NoIll_No4N_ITS.fastq.gz	9e9ac9634bc30b225c811b8c2d8dc97dfa8b51c99f97741e86bee4cbb4fc92df	HN6_R2_NoIll_No4N_ITS.fastq.gz	c2f7d27a608a9da4d503a79e1e39f8cccc09075aa906b190dbd3d69548bde04a	6772	3067	145	3063	144	4	1	0	0	3011	14	0	498	0	0	0	0	0	0	0	NoData	Cnidaria	Anthozoa	Scleractinia	Oculinidae	Oculina	arbuscula	34.71336600	-76.68021000	Summer 2018	3	2408	105	19	120	0	39	43	32	66	44	45	33	22	23	0	0	0	0	0	0	0	0	0	0	0	0	0	0	0	0	0	12	0	0	0	0	0	0	0	0	0	0
134739	CD4	CD4_R1_NoIll_No4N_ITS.fastq.gz	ea5140ccb2748798a6a50efc9e44f427930767f88a41d5265be5b6be01988c0f	CD4_R2_NoIll_No4N_ITS.fastq.gz	f602809a2aa3cb6b1f8af7126df01ed1455575afad951a9686918b338372e7eb	35486	29773	579	29773	579	0	0	0	0	29293	14	0	4848	0	0	0	0	0	0	0	coral_aquarium	Cnidaria	Anthozoa	Scleractinia	Oculinidae	Oculina	arbuscula	34.71336600	-76.68021000	Summer 2018	3	23671	774	657	615	515	485	442	502	216	369	375	303	196	173	0	0	0	0	0	0	0	0	0	0	0	0	0	0	0	0	0	0	0	0	0	0	0	0	0	0	0	0
134764	FR8	FR8_R1_NoIll_No4N_ITS.fastq.gz	68f2ad112a3a76f56d2110664768ce1e072cd2bf2e56684fd211815dc62d714a	FR8_R2_NoIll_No4N_ITS.fastq.gz	34ada28b3968b17c682b9c0fa798606b21a6c045723d473f22b22d071bc887fe	20197	16280	423	16280	423	0	0	0	0	16101	14	0	2670	0	0	0	0	0	0	0	coral_aquarium	Cnidaria	Anthozoa	Scleractinia	Oculinidae	Oculina	arbuscula	34.71336600	-76.68021000	Summer 2018	3	12929	502	239	324	243	315	332	263	178	183	174	147	134	138	0	0	0	0	0	0	0	0	0	0	0	0	0	0	0	0	0	0	0	0	0	0	0	0	0	0	0	0
134773	HM3	HM3_R1_NoIll_No4N_ITS.fastq.gz	a2e6be3c31887e0faba9cad81105f4dcca928ac0de74dd3bc7a3829480c442ad	HM3_R2_NoIll_No4N_ITS.fastq.gz	fef353e5234a4fcc1354d0c86a03b8268388ade39ec51dc2d163f207693722b1	25881	21155	494	21155	494	0	0	0	0	20911	14	0	3473	0	0	0	0	0	0	0	NoData	Cnidaria	Anthozoa	Scleractinia	Oculinidae	Oculina	arbuscula	34.71336600	-76.68021000	Summer 2018	3	16775	663	393	511	314	423	416	331	161	202	250	206	121	145	0	0	0	0	0	0	0	0	0	0	0	0	0	0	0	0	0	0	0	0	0	0	0	0	0	0	0	0
134767	HE3	HE3_R1_NoIll_No4N_ITS.fastq.gz	7a8aff90f870de8ed87a0a902077e5e560352fb7009f886b653888a24acff2c3	HE3_R2_NoIll_No4N_ITS.fastq.gz	b3f5f124a92a06db12287fe3ab60969cc1981fa6a6ee43eb75bcd53f407083fe	25450	20865	490	20865	490	0	0	0	0	20633	14	0	3441	0	0	0	0	0	0	0	coral_aquarium	Cnidaria	Anthozoa	Scleractinia	Oculinidae	Oculina	arbuscula	34.71336600	-76.68021000	Summer 2018	3	16502	690	456	424	321	367	265	329	205	293	249	162	188	182	0	0	0	0	0	0	0	0	0	0	0	0	0	0	0	0	0	0	0	0	0	0	0	0	0	0	0	0
134741	CF7	CF7_R1_NoIll_No4N_ITS.fastq.gz	c6bc4fb7dd758ea9cd36fddd06abc1b6407dac2d294cc041b8afc7fae82713f8	CF7_R2_NoIll_No4N_ITS.fastq.gz	299c02af542404ca2cd8a5dac0190c269a57c339becccd286303ce8935677af0	14862	11677	349	11677	349	0	0	0	0	11505	14	0	1922	0	0	0	0	0	0	0	coral_aquarium	Cnidaria	Anthozoa	Scleractinia	Oculinidae	Oculina	arbuscula	34.71336600	-76.68021000	Summer 2018	3	9293	290	243	219	171	173	204	168	141	126	141	93	123	120	0	0	0	0	0	0	0	0	0	0	0	0	0	0	0	0	0	0	0	0	0	0	0	0	0	0	0	0
134747	CN4	CN4_R1_NoIll_No4N_ITS.fastq.gz	258aed621bde0c068666d402ece1bdeaf3a69170920b7ecf2a1ec80fcda628ae	CN4_R2_NoIll_No4N_ITS.fastq.gz	b3dd5be0f6bd2d2a764216f6fdaa00bec1e47da2d5fe27458e8cdbcc9e3fb724	24299	15790	428	15790	428	0	0	0	0	15541	16	0	2479	57	0	0	0	0	0	0	coral_aquarium	Cnidaria	Anthozoa	Scleractinia	Oculinidae	Oculina	arbuscula	34.71336600	-76.68021000	Summer 2018	3	12556	348	455	487	114	309	129	239	288	140	169	149	0	0	0	0	0	0	0	0	0	0	0	0	0	0	0	0	0	0	0	0	0	0	62	0	39	47	10	0	0	0
134768	HF9	HF9_R1_NoIll_No4N_ITS.fastq.gz	3a01989df68ca11ec752ebdcd61d8794d4124092b7692d947761b3a0ca7688e4	HF9_R2_NoIll_No4N_ITS.fastq.gz	bb9e650963eaad299ac0bc5cc6fd0572be27961cc2819ef65f62f9a1f7bf6a37	21499	17268	440	17268	440	0	0	0	0	16993	15	0	2889	0	0	0	0	0	0	0	NoData	Cnidaria	Anthozoa	Scleractinia	Oculinidae	Oculina	arbuscula	34.71336600	-76.68021000	Summer 2018	3	13542	557	363	374	208	291	344	258	118	267	225	170	135	136	0	0	0	0	0	0	0	0	0	0	0	0	0	0	0	0	0	0	0	0	0	0	0	0	0	0	0	5
134743	CI1	CI1_R1_NoIll_No4N_ITS.fastq.gz	778f2fd03f0d1de8cbc44f438289c265fa1b9460ddc7445c22ec0688c216e04e	CI1_R2_NoIll_No4N_ITS.fastq.gz	71e1438c5de0e08e6338885d67be7056ed9f24f32707acea518815a8b279c409	43248	35162	736	35162	736	0	0	0	0	34341	16	0	5847	0	0	0	0	0	0	0	coral_aquarium	Cnidaria	Anthozoa	Scleractinia	Oculinidae	Oculina	arbuscula	34.71336600	-76.68021000	Summer 2018	3	27586	899	666	716	542	561	492	572	393	516	504	326	289	270	0	0	0	0	0	0	0	0	0	0	0	0	0	0	0	0	0	0	0	0	0	0	0	0	0	5	4	0
134772	HL8	HL8_R1_NoIll_No4N_ITS.fastq.gz	6723606f9876b1a88c1e6d0fef7a05d1b3d545cf8e6982986006b01b5897314f	HL8_R2_NoIll_No4N_ITS.fastq.gz	8d7be181a4a50474a1aeed2ffb1d5f1c5ec63ca93b55106d977ec94d4e56c0ca	14105	10324	341	10324	341	0	0	0	0	10210	14	0	1746	0	0	0	0	0	0	0	NoData	Cnidaria	Anthozoa	Scleractinia	Oculinidae	Oculina	arbuscula	34.71336600	-76.68021000	Summer 2018	3	8111	353	195	230	205	139	183	149	149	122	114	90	72	98	0	0	0	0	0	0	0	0	0	0	0	0	0	0	0	0	0	0	0	0	0	0	0	0	0	0	0	0
134740	CE11	CE11_R1_NoIll_No4N_ITS.fastq.gz	d8d85c7a52a043abffa69740da1f9cdb5399042fc2a9aae07a8cab4b7bebf6db	CE11_R2_NoIll_No4N_ITS.fastq.gz	26aabe470ad12c1a54af029c6ed2c60b66cdd996023b11d8175b282089436610	10790	9015	254	9015	254	0	0	0	0	8894	13	0	1524	0	0	0	0	0	0	0	coral_aquarium	Cnidaria	Anthozoa	Scleractinia	Oculinidae	Oculina	arbuscula	34.71336600	-76.68021000	Summer 2018	3	7177	193	148	171	157	145	188	171	0	136	153	71	102	82	0	0	0	0	0	0	0	0	0	0	0	0	0	0	0	0	0	0	0	0	0	0	0	0	0	0	0	0
134750	CR7	CR7_R1_NoIll_No4N_ITS.fastq.gz	5f52ac1ce079c5040a01df97ec75a0a0585b9055f501e886d4b22aa47222ca07	CR7_R2_NoIll_No4N_ITS.fastq.gz	5c13341ef1b0a6d0b4e42a2bc9b4e0d7e62bc4ce2895aa4d212c5cb84df1a2ee	29190	22937	558	22937	558	0	0	0	0	22428	15	0	3850	0	0	0	0	0	0	0	coral_aquarium	Cnidaria	Anthozoa	Scleractinia	Oculinidae	Oculina	arbuscula	34.71336600	-76.68021000	Summer 2018	3	17948	626	442	455	372	352	366	404	232	329	296	197	208	197	0	0	0	0	0	0	0	0	0	0	0	0	0	0	0	0	0	0	0	0	0	0	0	0	0	4	0	0
134753	FD5	FD5_R1_NoIll_No4N_ITS.fastq.gz	5ee6bea04ec486ab9597e912bb7c6bf5a248c24ed4bfd9250b0ffb6d3dbec616	FD5_R2_NoIll_No4N_ITS.fastq.gz	34cbfe549e9ca0008a79e9f539de640393be5d25a86a2a1b39ebd50f3e0c5b31	8048	5418	212	5418	212	0	0	0	0	5382	15	0	929	0	0	0	0	0	0	0	coral_aquarium	Cnidaria	Anthozoa	Scleractinia	Oculinidae	Oculina	arbuscula	34.71336600	-76.68021000	Summer 2018	3	4289	164	93	95	112	102	75	61	104	62	62	44	41	43	0	0	0	0	0	0	0	0	35	0	0	0	0	0	0	0	0	0	0	0	0	0	0	0	0	0	0	0
134757	FI2	FI2_R1_NoIll_No4N_ITS.fastq.gz	40011965a016d2152770d360f73199f25ae9f037d8ec241c6cffaabd597f67e9	FI2_R2_NoIll_No4N_ITS.fastq.gz	158296cf619e9d67c6bd901a0f2b378db235fb51a90b2bb6cefb459b0cc1c79b	45179	37833	733	37833	733	0	0	0	0	37333	14	0	6486	0	0	0	0	0	0	0	coral_aquarium	Cnidaria	Anthozoa	Scleractinia	Oculinidae	Oculina	arbuscula	34.71336600	-76.68021000	Summer 2018	3	29811	1036	727	853	570	690	668	632	407	537	495	388	268	251	0	0	0	0	0	0	0	0	0	0	0	0	0	0	0	0	0	0	0	0	0	0	0	0	0	0	0	0
134771	HJ15	HJ15_R1_NoIll_No4N_ITS.fastq.gz	498ff6001fa50878669e7ccb7a66938430d953c487a523a952bc9887c23e055d	HJ15_R2_NoIll_No4N_ITS.fastq.gz	5777f041b03ebde84f8679effd0633a9a6c3c320a0378749ab9438f26cc6aa95	11206	8169	279	8169	279	0	0	0	0	8041	14	0	1399	0	0	0	0	0	0	0	NoData	Cnidaria	Anthozoa	Scleractinia	Oculinidae	Oculina	arbuscula	34.71336600	-76.68021000	Summer 2018	3	6425	217	178	157	135	144	115	164	91	104	104	70	72	65	0	0	0	0	0	0	0	0	0	0	0	0	0	0	0	0	0	0	0	0	0	0	0	0	0	0	0	0
134759	FL7	FL7_R1_NoIll_No4N_ITS.fastq.gz	5343d19fab6f11895f1cf406259bf3b21396e415c65acf0a9cb1d9beac9ec0ea	FL7_R2_NoIll_No4N_ITS.fastq.gz	8acb3fff311145e619cfc60c2216ae655a55970b6d3b7dd5c1d11d4fc0ba17f7	24803	19927	482	19927	482	0	0	0	0	19598	14	0	3450	0	0	0	0	0	0	0	coral_aquarium	Cnidaria	Anthozoa	Scleractinia	Oculinidae	Oculina	arbuscula	34.71336600	-76.68021000	Summer 2018	3	15750	398	368	419	415	404	383	311	204	265	248	165	130	138	0	0	0	0	0	0	0	0	0	0	0	0	0	0	0	0	0	0	0	0	0	0	0	0	0	0	0	0
134758	FJ14	FJ14_R1_NoIll_No4N_ITS.fastq.gz	588cffdf7f2727c47ff02a11c398fb95a1ff60774bc4eafc8b9dfb13773e6bd6	FJ14_R2_NoIll_No4N_ITS.fastq.gz	0e5200041600d0aaf03cd3951be0631b146b139d966752e352a95c07f42cf031	7351	5401	232	5401	232	0	0	0	0	5315	14	0	947	0	0	0	0	0	0	0	coral_aquarium	Cnidaria	Anthozoa	Scleractinia	Oculinidae	Oculina	arbuscula	34.71336600	-76.68021000	Summer 2018	3	4212	156	118	108	88	99	79	96	66	75	74	42	57	45	0	0	0	0	0	0	0	0	0	0	0	0	0	0	0	0	0	0	0	0	0	0	0	0	0	0	0	0
134742	CH1	CH1_R1_NoIll_No4N_ITS.fastq.gz	f5b8cea8b4547a328cec30e7aa2abafab2fa6b3aed378362e0c77a6bd605e583	CH1_R2_NoIll_No4N_ITS.fastq.gz	7e24e6613ed4e45a20639ffc355aba4b53e40da8f8c3cbf99ca4c8fe1a27c83b	17947	14702	366	14702	366	0	0	0	0	14503	14	0	2598	0	0	0	0	0	0	0	coral_aquarium	Cnidaria	Anthozoa	Scleractinia	Oculinidae	Oculina	arbuscula	34.71336600	-76.68021000	Summer 2018	3	11508	397	322	325	246	260	254	249	159	200	204	151	104	124	0	0	0	0	0	0	0	0	0	0	0	0	0	0	0	0	0	0	0	0	0	0	0	0	0	0	0	0
134775	H05	HO5_R1_NoIll_No4N_ITS.fastq.gz	ed1afcdf354301328c690e5158f05e7f29f3772a48a8b51c84e8756fe255601b	HO5_R2_NoIll_No4N_ITS.fastq.gz	66aac29b112c4083d51dbee9f572dafb83e33a95ba315ee4459d75459857fa61	2464	1407	65	1407	65	0	0	0	0	1396	15	0	266	0	0	0	0	0	0	0	NoData	Cnidaria	Anthozoa	Scleractinia	Oculinidae	Oculina	arbuscula	34.71336600	-76.68021000	Summer 2018	3	1041	89	0	0	88	0	68	0	0	0	0	10	5	6	0	0	22	0	18	11	14	0	0	0	0	0	0	7	0	6	6	0	0	5	0	0	0	0	0	0	0	0
134761	FN5	FN5_R1_NoIll_No4N_ITS.fastq.gz	5ba45f32406b9603a1dbd827fd22437a41d98033ac2a9519aac64ccddb493edf	FN5_R2_NoIll_No4N_ITS.fastq.gz	3b94af65426028945ef9f7083af73360a28529866e7c7c5da6e333347037889d	8842	519	14	519	14	0	0	0	0	519	3	0	0	0	0	0	0	0	0	0	coral_aquarium	Cnidaria	Anthozoa	Scleractinia	Oculinidae	Oculina	arbuscula	34.71336600	-76.68021000	Summer 2018	3	488	0	0	0	0	0	0	0	0	0	0	0	0	0	0	0	0	0	0	0	0	0	0	0	0	0	0	0	0	0	0	0	0	0	19	12	0	0	0	0	0	0
134748	CO1	CO1_R1_NoIll_No4N_ITS.fastq.gz	090f759a7c7b03016553754a38e6ebf95303b0a4f1d5b4265927930fad6ff34c	CO1_R2_NoIll_No4N_ITS.fastq.gz	93b8c7ccb10382a3a45b747f0830d7473f668b7be49c3c9eff608c92c541af8c	19465	2743	112	2743	112	0	0	0	0	2719	10	0	296	0	0	0	0	0	0	0	coral_aquarium	Cnidaria	Anthozoa	Scleractinia	Oculinidae	Oculina	arbuscula	34.71336600	-76.68021000	Summer 2018	3	2120	0	0	0	0	0	0	0	0	0	0	23	0	0	303	152	0	41	0	12	0	19	0	17	0	16	16	0	0	0	0	0	0	0	0	0	0	0	0	0	0	0
134751	DW	DW_R1_NoIll_No4N_ITS.fastq.gz	70d3872331f53e3e7c73917899d4633e1464d9f50b941baf4a23449fc030cc24	DW_R2_NoIll_No4N_ITS.fastq.gz	e0ac782d22fea1b826ad7d49617607606ef4ec23a8190e9a1d2f0b80e295effc	11	3	1	3	1	0	0	0	0	0	0	0	0	0	0	0	0	0	0	0	coral_aquarium	Cnidaria	Anthozoa	Scleractinia	Oculinidae	Oculina	arbuscula	34.71336600	-76.68021000	Summer 2018	3	0	0	0	0	0	0	0	0	0	0	0	0	0	0	0	0	0	0	0	0	0	0	0	0	0	0	0	0	0	0	0	0	0	0	0	0	0	0	0	0	0	0
seq_accession																																					21914	1463664	1390331	22371	787438	1157383	1463665	22017	64886	46221	46220	1157325	1465458	1157406	37517	45591	47974	46283	46225	1157296	1157307	1157328	1157385	1157278	787431	46226	44386	1157356	61427	1778703	1778702	1465440	1465776	46272	2	5020	308	21508	282233	853	854	1730
